                                kicad schematic
                                Transient Analysis  Fri Nov  8 07:11:36  2024
--------------------------------------------------------------------------------
Index   time            /b1             /b2             /clk            
--------------------------------------------------------------------------------
0	0.000000e+00	8.226362e-01	8.222853e-01	0.000000e+00	
1	1.000000e-05	8.236479e-01	8.213824e-01	5.000000e-02	
2	2.000000e-05	8.245426e-01	8.204496e-01	1.000000e-01	
3	4.000000e-05	8.263169e-01	8.185628e-01	2.000000e-01	
4	7.374423e-05	8.293003e-01	8.153125e-01	3.687211e-01	
5	1.088222e-04	8.323780e-01	8.118625e-01	5.441112e-01	
6	1.417498e-04	8.349078e-01	8.088209e-01	7.087488e-01	
7	1.828864e-04	8.365299e-01	8.055087e-01	9.144322e-01	
8	2.270041e-04	8.366926e-01	8.017676e-01	1.135021e+00	
9	3.152394e-04	8.329394e-01	7.903785e-01	1.576197e+00	
10	4.009691e-04	8.348456e-01	7.787551e-01	2.004846e+00	
11	5.002763e-04	8.396635e-01	7.651685e-01	2.501382e+00	
12	6.988907e-04	8.518530e-01	7.381382e-01	3.494454e+00	
13	9.010182e-04	8.621842e-01	7.118900e-01	4.505091e+00	
14	1.000000e-03	8.665552e-01	7.016262e-01	5.000000e+00	
15	1.040425e-03	8.674290e-01	6.980226e-01	5.000000e+00	
16	1.121276e-03	8.695609e-01	6.917902e-01	5.000000e+00	
17	1.278030e-03	8.724470e-01	6.825996e-01	5.000000e+00	
18	1.591536e-03	8.743927e-01	6.718261e-01	5.000000e+00	
19	1.826382e-03	8.744380e-01	6.676996e-01	5.000000e+00	
20	1.993687e-03	8.744318e-01	6.659622e-01	5.000000e+00	
21	2.158123e-03	8.744386e-01	6.649075e-01	5.000000e+00	
22	2.420372e-03	8.744319e-01	6.641664e-01	5.000000e+00	
23	2.944871e-03	8.744385e-01	6.654982e-01	5.000000e+00	
24	3.512983e-03	8.742052e-01	6.745624e-01	5.000000e+00	
25	4.071323e-03	8.636519e-01	7.087805e-01	5.000000e+00	
26	4.776243e-03	8.126272e-01	8.027841e-01	5.000000e+00	
27	5.594063e-03	7.193614e-01	8.950436e-01	5.000000e+00	
28	6.417546e-03	6.563016e-01	9.260378e-01	5.000000e+00	
29	7.102325e-03	6.313578e-01	9.266116e-01	5.000000e+00	
30	7.560734e-03	6.275760e-01	9.265892e-01	5.000000e+00	
31	8.014040e-03	6.339452e-01	9.266178e-01	5.000000e+00	
32	8.487902e-03	6.514327e-01	9.264902e-01	5.000000e+00	
33	9.055473e-03	6.877797e-01	9.155670e-01	5.000000e+00	
34	9.715858e-03	7.532633e-01	8.662028e-01	5.000000e+00	
35	1.000000e-02	7.874262e-01	8.323655e-01	5.000000e+00	
36	1.000857e-02	7.884336e-01	8.314262e-01	5.000000e+00	
37	1.002570e-02	7.904563e-01	8.291905e-01	5.000000e+00	
38	1.005997e-02	7.944606e-01	8.247204e-01	5.000000e+00	
39	1.012851e-02	8.022744e-01	8.156500e-01	5.000000e+00	
40	1.020142e-02	8.104159e-01	8.057135e-01	5.000000e+00	
41	1.026730e-02	8.215602e-01	7.913255e-01	5.000000e+00	
42	1.034238e-02	8.325334e-01	7.762831e-01	5.000000e+00	
43	1.045510e-02	8.439430e-01	7.593599e-01	5.000000e+00	
44	1.061903e-02	8.547279e-01	7.392209e-01	5.000000e+00	
45	1.094689e-02	8.665292e-01	7.043137e-01	5.000000e+00	
46	1.100000e-02	8.676937e-01	6.998582e-01	5.000000e+00	
47	1.101943e-02	8.675843e-01	6.983087e-01	4.902857e+00	
48	1.105829e-02	8.678733e-01	6.958684e-01	4.708570e+00	
49	1.113600e-02	8.683577e-01	6.915957e-01	4.319996e+00	
50	1.129143e-02	8.695469e-01	6.845100e-01	3.542849e+00	
51	1.160229e-02	8.841966e-01	6.653634e-01	1.988554e+00	
52	1.184642e-02	9.263872e-01	6.306830e-01	7.678954e-01	
53	1.200000e-02	9.264834e-01	6.291898e-01	0.000000e+00	
54	1.200669e-02	9.265981e-01	6.291329e-01	0.000000e+00	

Index   time            /b1             /b2             /clk            
--------------------------------------------------------------------------------
55	1.202007e-02	9.265980e-01	6.290344e-01	0.000000e+00	
56	1.204683e-02	9.265970e-01	6.288515e-01	0.000000e+00	
57	1.210034e-02	9.265960e-01	6.285254e-01	0.000000e+00	
58	1.220738e-02	9.265937e-01	6.280267e-01	0.000000e+00	
59	1.242145e-02	9.265920e-01	6.275309e-01	0.000000e+00	
60	1.284959e-02	9.265946e-01	6.282654e-01	0.000000e+00	
61	1.335411e-02	9.265999e-01	6.336536e-01	0.000000e+00	
62	1.390336e-02	9.207483e-01	6.553470e-01	0.000000e+00	
63	1.442920e-02	8.934070e-01	7.141984e-01	0.000000e+00	
64	1.523847e-02	8.024050e-01	8.138763e-01	0.000000e+00	
65	1.622499e-02	7.065132e-01	8.716149e-01	0.000000e+00	
66	1.709784e-02	6.682989e-01	8.744362e-01	0.000000e+00	
67	1.764165e-02	6.646385e-01	8.744345e-01	0.000000e+00	
68	1.807483e-02	6.726513e-01	8.744358e-01	0.000000e+00	
69	1.848964e-02	6.895051e-01	8.742763e-01	0.000000e+00	
70	1.888597e-02	7.143512e-01	8.693661e-01	0.000000e+00	
71	1.940470e-02	7.608046e-01	8.453463e-01	0.000000e+00	
72	2.000000e-02	8.328305e-01	7.869903e-01	0.000000e+00	
73	2.001671e-02	8.350988e-01	7.849683e-01	8.352518e-02	
74	2.005012e-02	8.392348e-01	7.808960e-01	2.505755e-01	
75	2.011694e-02	8.474171e-01	7.726143e-01	5.846762e-01	
76	2.018806e-02	8.556449e-01	7.637814e-01	9.402836e-01	
77	2.025241e-02	8.557585e-01	7.610176e-01	1.262070e+00	
78	2.032581e-02	8.510284e-01	7.607625e-01	1.629071e+00	
79	2.042413e-02	8.495575e-01	7.564678e-01	2.120646e+00	
80	2.062076e-02	8.538997e-01	7.397428e-01	3.103797e+00	
81	2.086926e-02	8.632738e-01	7.126110e-01	4.346287e+00	
82	2.100000e-02	8.677610e-01	6.997537e-01	5.000000e+00	
83	2.103900e-02	8.683451e-01	6.965700e-01	5.000000e+00	
84	2.111701e-02	8.696868e-01	6.914811e-01	5.000000e+00	
85	2.127302e-02	8.714675e-01	6.837308e-01	5.000000e+00	
86	2.158504e-02	8.726261e-01	6.739873e-01	5.000000e+00	
87	2.182804e-02	8.743563e-01	6.675470e-01	5.000000e+00	
88	2.198279e-02	8.745121e-01	6.659779e-01	5.000000e+00	
89	2.200000e-02	8.743609e-01	6.657005e-01	5.000000e+00	
90	2.200244e-02	8.744299e-01	6.658879e-01	5.000000e+00	
91	2.200733e-02	8.744400e-01	6.658565e-01	5.000000e+00	
92	2.201711e-02	8.744306e-01	6.657739e-01	5.000000e+00	
93	2.203667e-02	8.744397e-01	6.656359e-01	5.000000e+00	
94	2.207579e-02	8.744308e-01	6.653640e-01	5.000000e+00	
95	2.215403e-02	8.744396e-01	6.649304e-01	5.000000e+00	
96	2.231050e-02	8.744308e-01	6.643535e-01	5.000000e+00	
97	2.262345e-02	8.744396e-01	6.642251e-01	5.000000e+00	
98	2.324934e-02	8.744288e-01	6.687637e-01	5.000000e+00	
99	2.389593e-02	8.691829e-01	6.930021e-01	5.000000e+00	
100	2.448606e-02	8.394213e-01	7.632984e-01	5.000000e+00	
101	2.524739e-02	7.576533e-01	8.621625e-01	5.000000e+00	
102	2.611421e-02	6.750757e-01	9.211770e-01	5.000000e+00	
103	2.700785e-02	6.334121e-01	9.266163e-01	5.000000e+00	
104	2.743754e-02	6.275826e-01	9.265898e-01	5.000000e+00	
105	2.763470e-02	6.279421e-01	9.265957e-01	5.000000e+00	
106	2.782998e-02	6.301330e-01	9.265996e-01	5.000000e+00	
107	2.822053e-02	6.401881e-01	9.266349e-01	5.000000e+00	
108	2.857462e-02	6.558697e-01	9.260985e-01	5.000000e+00	
109	2.890873e-02	6.766968e-01	9.205712e-01	5.000000e+00	
110	2.957696e-02	7.373933e-01	8.803313e-01	5.000000e+00	
111	3.000000e-02	7.874246e-01	8.323604e-01	5.000000e+00	
112	3.001238e-02	7.888843e-01	8.309344e-01	5.000000e+00	

Index   time            /b1             /b2             /clk            
--------------------------------------------------------------------------------
113	3.003713e-02	7.917978e-01	8.276982e-01	5.000000e+00	
114	3.008663e-02	7.975333e-01	8.212133e-01	5.000000e+00	
115	3.015965e-02	8.057280e-01	8.114899e-01	5.000000e+00	
116	3.023662e-02	8.159011e-01	7.987226e-01	5.000000e+00	
117	3.030794e-02	8.279609e-01	7.826540e-01	5.000000e+00	
118	3.042787e-02	8.415793e-01	7.630601e-01	5.000000e+00	
119	3.054846e-02	8.506645e-01	7.475462e-01	5.000000e+00	
120	3.078964e-02	8.620364e-01	7.200734e-01	5.000000e+00	
121	3.100000e-02	8.677006e-01	6.998942e-01	5.000000e+00	
122	3.104824e-02	8.678047e-01	6.964795e-01	4.758818e+00	
123	3.114471e-02	8.684062e-01	6.911548e-01	4.276455e+00	
124	3.133765e-02	8.702056e-01	6.825084e-01	3.311728e+00	
125	3.172354e-02	9.064473e-01	6.468672e-01	1.382275e+00	
126	3.200000e-02	9.264873e-01	6.292180e-01	0.000000e+00	
127	3.200550e-02	9.265982e-01	6.291423e-01	0.000000e+00	
128	3.201651e-02	9.265980e-01	6.290593e-01	0.000000e+00	
129	3.203656e-02	9.265974e-01	6.289208e-01	0.000000e+00	
130	3.207667e-02	9.265965e-01	6.286620e-01	0.000000e+00	
131	3.215687e-02	9.265947e-01	6.282397e-01	0.000000e+00	
132	3.231728e-02	9.265926e-01	6.276959e-01	0.000000e+00	
133	3.263809e-02	9.265921e-01	6.276087e-01	0.000000e+00	
134	3.327972e-02	9.266062e-01	6.323494e-01	0.000000e+00	
135	3.390350e-02	9.207401e-01	6.553596e-01	0.000000e+00	
136	3.449271e-02	8.881630e-01	7.224372e-01	0.000000e+00	
137	3.550092e-02	7.710931e-01	8.381905e-01	0.000000e+00	
138	3.651088e-02	6.894894e-01	8.742715e-01	0.000000e+00	
139	3.719862e-02	6.664706e-01	8.744388e-01	0.000000e+00	
140	3.769036e-02	6.650551e-01	8.744316e-01	0.000000e+00	
141	3.817083e-02	6.757449e-01	8.744383e-01	0.000000e+00	
142	3.856894e-02	6.937771e-01	8.739431e-01	0.000000e+00	
143	3.898644e-02	7.220708e-01	8.665694e-01	0.000000e+00	
144	3.972292e-02	7.975461e-01	8.178542e-01	0.000000e+00	
145	4.000000e-02	8.328307e-01	7.869910e-01	0.000000e+00	
146	4.000837e-02	8.340527e-01	7.859761e-01	4.185249e-02	
147	4.002511e-02	8.361342e-01	7.839485e-01	1.255575e-01	
148	4.005859e-02	8.402966e-01	7.798548e-01	2.929674e-01	
149	4.012556e-02	8.484394e-01	7.715343e-01	6.277874e-01	
150	4.018938e-02	8.557899e-01	7.636355e-01	9.469168e-01	
151	4.025051e-02	8.558880e-01	7.609950e-01	1.252541e+00	
152	4.032056e-02	8.512622e-01	7.608761e-01	1.602811e+00	
153	4.041133e-02	8.495314e-01	7.572393e-01	2.056628e+00	
154	4.059285e-02	8.529727e-01	7.425176e-01	2.964261e+00	
155	4.082927e-02	8.617836e-01	7.170155e-01	4.146337e+00	
156	4.100000e-02	8.677759e-01	6.997559e-01	5.000000e+00	
157	4.104728e-02	8.685039e-01	6.959836e-01	5.000000e+00	
158	4.114185e-02	8.700459e-01	6.900502e-01	5.000000e+00	
159	4.133098e-02	8.718691e-01	6.814932e-01	5.000000e+00	
160	4.170925e-02	8.732831e-01	6.706540e-01	5.000000e+00	
161	4.196632e-02	8.744836e-01	6.661233e-01	5.000000e+00	
162	4.200000e-02	8.743873e-01	6.657083e-01	5.000000e+00	
163	4.200276e-02	8.744324e-01	6.658860e-01	5.000000e+00	
164	4.200829e-02	8.744378e-01	6.658485e-01	5.000000e+00	
165	4.201934e-02	8.744327e-01	6.657575e-01	5.000000e+00	
166	4.204145e-02	8.744376e-01	6.656013e-01	5.000000e+00	
167	4.208566e-02	8.744328e-01	6.653025e-01	5.000000e+00	
168	4.217408e-02	8.744376e-01	6.648348e-01	5.000000e+00	
169	4.235092e-02	8.744328e-01	6.642652e-01	5.000000e+00	
170	4.270461e-02	8.744376e-01	6.643963e-01	5.000000e+00	

Index   time            /b1             /b2             /clk            
--------------------------------------------------------------------------------
171	4.325270e-02	8.744307e-01	6.688171e-01	5.000000e+00	
172	4.384396e-02	8.703585e-01	6.894385e-01	5.000000e+00	
173	4.438634e-02	8.467870e-01	7.496905e-01	5.000000e+00	
174	4.516348e-02	7.677337e-01	8.525268e-01	5.000000e+00	
175	4.604907e-02	6.797640e-01	9.193074e-01	5.000000e+00	
176	4.696366e-02	6.345211e-01	9.266188e-01	5.000000e+00	
177	4.734794e-02	6.280536e-01	9.265930e-01	5.000000e+00	
178	4.747164e-02	6.275147e-01	9.265930e-01	5.000000e+00	
179	4.762890e-02	6.278916e-01	9.265922e-01	5.000000e+00	
180	4.794342e-02	6.322905e-01	9.266104e-01	5.000000e+00	
181	4.838258e-02	6.465679e-01	9.266239e-01	5.000000e+00	
182	4.880507e-02	6.695915e-01	9.230600e-01	5.000000e+00	
183	4.923457e-02	7.029793e-01	9.066764e-01	5.000000e+00	
184	4.986926e-02	7.716741e-01	8.486417e-01	5.000000e+00	
185	5.000000e-02	7.874129e-01	8.323513e-01	5.000000e+00	
186	5.000506e-02	7.880178e-01	8.318786e-01	5.000000e+00	
187	5.001517e-02	7.892151e-01	8.305621e-01	5.000000e+00	
188	5.003541e-02	7.915960e-01	8.279324e-01	5.000000e+00	
189	5.007587e-02	7.962979e-01	8.226235e-01	5.000000e+00	
190	5.015680e-02	8.054138e-01	8.118802e-01	5.000000e+00	
191	5.023986e-02	8.165058e-01	7.979199e-01	5.000000e+00	
192	5.031534e-02	8.290071e-01	7.812380e-01	5.000000e+00	
193	5.043986e-02	8.426374e-01	7.613852e-01	5.000000e+00	
194	5.056502e-02	8.516923e-01	7.455773e-01	5.000000e+00	
195	5.081536e-02	8.628838e-01	7.172630e-01	5.000000e+00	
196	5.100000e-02	8.677040e-01	6.999045e-01	5.000000e+00	
197	5.105007e-02	8.678178e-01	6.963675e-01	4.749666e+00	
198	5.115020e-02	8.684373e-01	6.908838e-01	4.248997e+00	
199	5.135047e-02	8.704328e-01	6.819408e-01	3.247659e+00	
200	5.170293e-02	9.013624e-01	6.509190e-01	1.485341e+00	
201	5.196857e-02	9.264954e-01	6.294639e-01	1.571654e-01	
202	5.200000e-02	9.263833e-01	6.291499e-01	0.000000e+00	
203	5.200152e-02	9.265924e-01	6.291679e-01	0.000000e+00	
204	5.200455e-02	9.266037e-01	6.291512e-01	0.000000e+00	
205	5.201061e-02	9.265930e-01	6.291008e-01	0.000000e+00	
206	5.202273e-02	9.266028e-01	6.290184e-01	0.000000e+00	
207	5.204698e-02	9.265922e-01	6.288475e-01	0.000000e+00	
208	5.209548e-02	9.266009e-01	6.285556e-01	0.000000e+00	
209	5.219248e-02	9.265892e-01	6.280824e-01	0.000000e+00	
210	5.238648e-02	9.265969e-01	6.275743e-01	0.000000e+00	
211	5.277447e-02	9.265886e-01	6.279552e-01	0.000000e+00	
212	5.331420e-02	9.266098e-01	6.329275e-01	0.000000e+00	
213	5.389260e-02	9.210344e-01	6.545964e-01	0.000000e+00	
214	5.443433e-02	8.930048e-01	7.148658e-01	0.000000e+00	
215	5.538509e-02	7.844375e-01	8.282339e-01	0.000000e+00	
216	5.636145e-02	6.978275e-01	8.734046e-01	0.000000e+00	
217	5.709605e-02	6.683318e-01	8.744337e-01	0.000000e+00	
218	5.758914e-02	6.643315e-01	8.744367e-01	0.000000e+00	
219	5.808634e-02	6.729918e-01	8.744336e-01	0.000000e+00	
220	5.848122e-02	6.890768e-01	8.742991e-01	0.000000e+00	
221	5.895455e-02	7.195522e-01	8.675381e-01	0.000000e+00	
222	5.952555e-02	7.740485e-01	8.360455e-01	0.000000e+00	
223	6.000000e-02	8.328261e-01	7.869882e-01	0.000000e+00	
224	6.001335e-02	8.346785e-01	7.853739e-01	6.676908e-02	
225	6.004006e-02	8.379907e-01	7.821267e-01	2.003072e-01	
226	6.009348e-02	8.445757e-01	7.755404e-01	4.673835e-01	
227	6.016544e-02	8.531551e-01	7.665196e-01	8.272249e-01	
228	6.023507e-02	8.568988e-01	7.609571e-01	1.175350e+00	

Index   time            /b1             /b2             /clk            
--------------------------------------------------------------------------------
229	6.030394e-02	8.520590e-01	7.611223e-01	1.519708e+00	
230	6.042397e-02	8.495503e-01	7.564860e-01	2.119873e+00	
231	6.064762e-02	8.548572e-01	7.369793e-01	3.238095e+00	
232	6.086263e-02	8.630241e-01	7.133383e-01	4.313128e+00	
233	6.100000e-02	8.677785e-01	6.997330e-01	5.000000e+00	
234	6.104300e-02	8.684223e-01	6.962853e-01	5.000000e+00	
235	6.112900e-02	8.698642e-01	6.907796e-01	5.000000e+00	
236	6.130101e-02	8.716809e-01	6.826074e-01	5.000000e+00	
237	6.164502e-02	8.728360e-01	6.724374e-01	5.000000e+00	
238	6.190262e-02	8.744243e-01	6.667152e-01	5.000000e+00	
239	6.200000e-02	8.744454e-01	6.657610e-01	5.000000e+00	
240	6.200681e-02	8.744355e-01	6.658562e-01	5.000000e+00	
241	6.202042e-02	8.744349e-01	6.657532e-01	5.000000e+00	
242	6.204764e-02	8.744355e-01	6.655540e-01	5.000000e+00	
243	6.210209e-02	8.744349e-01	6.652074e-01	5.000000e+00	
244	6.221098e-02	8.744355e-01	6.646733e-01	5.000000e+00	
245	6.242877e-02	8.744349e-01	6.641593e-01	5.000000e+00	
246	6.286434e-02	8.744355e-01	6.650153e-01	5.000000e+00	
247	6.336555e-02	8.744184e-01	6.708738e-01	5.000000e+00	
248	6.389610e-02	8.691610e-01	6.930150e-01	5.000000e+00	
249	6.441559e-02	8.447294e-01	7.536832e-01	5.000000e+00	
250	6.519298e-02	7.641699e-01	8.559748e-01	5.000000e+00	
251	6.601491e-02	6.823173e-01	9.181892e-01	5.000000e+00	
252	6.693445e-02	6.353082e-01	9.266171e-01	5.000000e+00	
253	6.766364e-02	6.281408e-01	9.265977e-01	5.000000e+00	
254	6.788679e-02	6.311427e-01	9.266021e-01	5.000000e+00	
255	6.810361e-02	6.363820e-01	9.266259e-01	5.000000e+00	
256	6.832150e-02	6.440123e-01	9.266328e-01	5.000000e+00	
257	6.859943e-02	6.572133e-01	9.259229e-01	5.000000e+00	
258	6.886288e-02	6.734796e-01	9.217618e-01	5.000000e+00	
259	6.935946e-02	7.147176e-01	8.985233e-01	5.000000e+00	
260	6.998799e-02	7.859933e-01	8.338874e-01	5.000000e+00	
261	7.000000e-02	7.874130e-01	8.323615e-01	5.000000e+00	
262	7.000147e-02	7.875918e-01	8.323389e-01	5.000000e+00	
263	7.000440e-02	7.879402e-01	8.319641e-01	5.000000e+00	
264	7.001027e-02	7.886354e-01	8.311981e-01	5.000000e+00	
265	7.002201e-02	7.900219e-01	8.296778e-01	5.000000e+00	
266	7.004549e-02	7.927757e-01	8.266105e-01	5.000000e+00	
267	7.009245e-02	7.981986e-01	8.204405e-01	5.000000e+00	
268	7.016089e-02	8.058645e-01	8.113282e-01	5.000000e+00	
269	7.023169e-02	8.149996e-01	7.998941e-01	5.000000e+00	
270	7.029813e-02	8.265194e-01	7.846132e-01	5.000000e+00	
271	7.041256e-02	8.401624e-01	7.652400e-01	5.000000e+00	
272	7.052762e-02	8.493066e-01	7.500774e-01	5.000000e+00	
273	7.075774e-02	8.609169e-01	7.235974e-01	5.000000e+00	
274	7.100000e-02	8.676988e-01	6.998969e-01	5.000000e+00	
275	7.104602e-02	8.677887e-01	6.966155e-01	4.769881e+00	
276	7.113807e-02	8.683676e-01	6.914882e-01	4.309644e+00	
277	7.132217e-02	8.699594e-01	6.831855e-01	3.389169e+00	
278	7.169036e-02	8.985353e-01	6.531961e-01	1.548220e+00	
279	7.196601e-02	9.264964e-01	6.294867e-01	1.699694e-01	
280	7.200000e-02	9.263848e-01	6.291484e-01	1.332268e-14	
281	7.200156e-02	9.265927e-01	6.291677e-01	0.000000e+00	
282	7.200468e-02	9.266035e-01	6.291501e-01	0.000000e+00	
283	7.201093e-02	9.265932e-01	6.290985e-01	0.000000e+00	
284	7.202342e-02	9.266026e-01	6.290135e-01	0.000000e+00	
285	7.204839e-02	9.265924e-01	6.288383e-01	0.000000e+00	
286	7.209834e-02	9.266006e-01	6.285394e-01	0.000000e+00	

Index   time            /b1             /b2             /clk            
--------------------------------------------------------------------------------
287	7.219825e-02	9.265893e-01	6.280594e-01	0.000000e+00	
288	7.239806e-02	9.265967e-01	6.275592e-01	0.000000e+00	
289	7.279768e-02	9.265891e-01	6.280408e-01	0.000000e+00	
290	7.334823e-02	9.266056e-01	6.335444e-01	0.000000e+00	
291	7.392716e-02	9.200753e-01	6.570636e-01	0.000000e+00	
292	7.447879e-02	8.893528e-01	7.206335e-01	0.000000e+00	
293	7.535714e-02	7.877771e-01	8.256439e-01	0.000000e+00	
294	7.635060e-02	6.984797e-01	8.732988e-01	0.000000e+00	
295	7.709524e-02	6.683493e-01	8.744338e-01	0.000000e+00	
296	7.760494e-02	6.644097e-01	8.744367e-01	0.000000e+00	
297	7.812027e-02	6.740516e-01	8.744335e-01	0.000000e+00	
298	7.850792e-02	6.904640e-01	8.742256e-01	0.000000e+00	
299	7.893253e-02	7.178513e-01	8.681622e-01	0.000000e+00	
300	7.950648e-02	7.718982e-01	8.376090e-01	0.000000e+00	
301	8.000000e-02	8.328269e-01	7.869877e-01	0.000000e+00	
302	8.001395e-02	8.347532e-01	7.853019e-01	6.974616e-02	
303	8.004185e-02	8.382120e-01	7.819084e-01	2.092385e-01	
304	8.009764e-02	8.450829e-01	7.750219e-01	4.882231e-01	
305	8.016287e-02	8.528566e-01	7.668422e-01	8.143657e-01	
306	8.023349e-02	8.569717e-01	7.609690e-01	1.167449e+00	
307	8.030028e-02	8.522640e-01	7.611589e-01	1.501398e+00	
308	8.042048e-02	8.495383e-01	7.567011e-01	2.102392e+00	
309	8.063583e-02	8.544392e-01	7.381998e-01	3.179139e+00	
310	8.084804e-02	8.624831e-01	7.149375e-01	4.240184e+00	
311	8.100000e-02	8.677718e-01	6.997469e-01	5.000000e+00	
312	8.104244e-02	8.684116e-01	6.963250e-01	5.000000e+00	
313	8.112733e-02	8.698398e-01	6.908766e-01	5.000000e+00	
314	8.129709e-02	8.716527e-01	6.827605e-01	5.000000e+00	
315	8.163663e-02	8.727973e-01	6.726575e-01	5.000000e+00	
316	8.189012e-02	8.744142e-01	6.668441e-01	5.000000e+00	
317	8.200000e-02	8.744554e-01	6.657696e-01	5.000000e+00	
318	8.200779e-02	8.744357e-01	6.658487e-01	5.000000e+00	
319	8.202337e-02	8.744347e-01	6.657308e-01	5.000000e+00	
320	8.205453e-02	8.744357e-01	6.655068e-01	5.000000e+00	
321	8.211686e-02	8.744347e-01	6.651227e-01	5.000000e+00	
322	8.224150e-02	8.744357e-01	6.645611e-01	5.000000e+00	
323	8.249079e-02	8.744347e-01	6.641273e-01	5.000000e+00	
324	8.298937e-02	8.744356e-01	6.658208e-01	5.000000e+00	
325	8.353000e-02	8.741442e-01	6.750792e-01	5.000000e+00	
326	8.402245e-02	8.654356e-01	7.037287e-01	5.000000e+00	
327	8.462610e-02	8.274486e-01	7.824135e-01	5.000000e+00	
328	8.539552e-02	7.404952e-01	8.776696e-01	5.000000e+00	
329	8.618592e-02	6.701925e-01	9.228618e-01	5.000000e+00	
330	8.696336e-02	6.345286e-01	9.266164e-01	5.000000e+00	
331	8.734469e-02	6.280786e-01	9.265954e-01	5.000000e+00	
332	8.752274e-02	6.275106e-01	9.265904e-01	5.000000e+00	
333	8.769910e-02	6.284508e-01	9.265968e-01	5.000000e+00	
334	8.805183e-02	6.349264e-01	9.266169e-01	5.000000e+00	
335	8.834554e-02	6.449909e-01	9.266352e-01	5.000000e+00	
336	8.873821e-02	6.653210e-01	9.242650e-01	5.000000e+00	
337	8.910823e-02	6.920529e-01	9.132742e-01	5.000000e+00	
338	8.965101e-02	7.457461e-01	8.730361e-01	5.000000e+00	
339	9.000000e-02	7.874128e-01	8.323539e-01	5.000000e+00	
340	9.000982e-02	7.885815e-01	8.312650e-01	5.000000e+00	
341	9.002945e-02	7.908970e-01	8.287014e-01	5.000000e+00	
342	9.006871e-02	7.954727e-01	8.235724e-01	5.000000e+00	
343	9.014724e-02	8.043596e-01	8.131502e-01	5.000000e+00	
344	9.022923e-02	8.145464e-01	8.004625e-01	5.000000e+00	

Index   time            /b1             /b2             /clk            
--------------------------------------------------------------------------------
345	9.030309e-02	8.272647e-01	7.836270e-01	5.000000e+00	
346	9.041098e-02	8.400031e-01	7.654557e-01	5.000000e+00	
347	9.053169e-02	8.495850e-01	7.495950e-01	5.000000e+00	
348	9.077311e-02	8.614714e-01	7.218799e-01	5.000000e+00	
349	9.100000e-02	8.677065e-01	6.999119e-01	5.000000e+00	
350	9.104828e-02	8.678051e-01	6.964766e-01	4.758580e+00	
351	9.114485e-02	8.684071e-01	6.911477e-01	4.275740e+00	
352	9.133799e-02	8.702113e-01	6.824937e-01	3.310060e+00	
353	9.172426e-02	9.066317e-01	6.467211e-01	1.378701e+00	
354	9.200000e-02	9.264873e-01	6.292178e-01	1.332268e-14	
355	9.200550e-02	9.265982e-01	6.291423e-01	0.000000e+00	
356	9.201650e-02	9.265980e-01	6.290594e-01	0.000000e+00	
357	9.203654e-02	9.265974e-01	6.289210e-01	0.000000e+00	
358	9.207662e-02	9.265965e-01	6.286622e-01	0.000000e+00	
359	9.215678e-02	9.265947e-01	6.282401e-01	0.000000e+00	
360	9.231709e-02	9.265926e-01	6.276963e-01	0.000000e+00	
361	9.263772e-02	9.265921e-01	6.276081e-01	0.000000e+00	
362	9.327898e-02	9.266062e-01	6.323376e-01	0.000000e+00	
363	9.390320e-02	9.207482e-01	6.553386e-01	0.000000e+00	
364	9.449239e-02	8.881909e-01	7.223951e-01	0.000000e+00	
365	9.550058e-02	7.711315e-01	8.381628e-01	0.000000e+00	
366	9.651056e-02	6.895061e-01	8.742706e-01	0.000000e+00	
367	9.719838e-02	6.664743e-01	8.744388e-01	0.000000e+00	
368	9.769015e-02	6.650530e-01	8.744317e-01	0.000000e+00	
369	9.817067e-02	6.757392e-01	8.744383e-01	0.000000e+00	
370	9.856877e-02	6.937678e-01	8.739441e-01	0.000000e+00	
371	9.898635e-02	7.220638e-01	8.665721e-01	0.000000e+00	
372	9.972224e-02	7.974612e-01	8.179231e-01	0.000000e+00	
373	1.000000e-01	8.328307e-01	7.869910e-01	0.000000e+00	

                                kicad schematic
                                Transient Analysis  Fri Nov  8 07:11:36  2024
--------------------------------------------------------------------------------
Index   time            /clk_inv        /in             /net1           
--------------------------------------------------------------------------------
0	0.000000e+00	0.000000e+00	2.500000e+00	4.595368e+00	
1	1.000000e-05	0.000000e+00	2.515708e+00	4.600094e+00	
2	2.000000e-05	0.000000e+00	2.531415e+00	4.604881e+00	
3	4.000000e-05	0.000000e+00	2.562825e+00	4.614435e+00	
4	7.374423e-05	0.000000e+00	2.615796e+00	4.630472e+00	
5	1.088222e-04	0.000000e+00	2.670804e+00	4.647011e+00	
6	1.417498e-04	0.000000e+00	2.722366e+00	4.662391e+00	
7	1.828864e-04	0.000000e+00	2.786646e+00	4.681375e+00	
8	2.270041e-04	0.000000e+00	2.855369e+00	4.701416e+00	
9	3.152394e-04	0.000000e+00	2.991946e+00	4.740315e+00	
10	4.009691e-04	0.000000e+00	3.123199e+00	4.776330e+00	
11	5.002763e-04	0.000000e+00	3.272955e+00	4.815365e+00	
12	6.988907e-04	0.000000e+00	3.562871e+00	4.883092e+00	
13	9.010182e-04	0.000000e+00	3.840917e+00	4.935521e+00	
14	1.000000e-03	0.000000e+00	3.969463e+00	4.954863e+00	
15	1.040425e-03	0.000000e+00	4.020356e+00	4.961586e+00	
16	1.121276e-03	0.000000e+00	4.119168e+00	4.973133e+00	
17	1.278030e-03	0.000000e+00	4.298624e+00	4.988946e+00	
18	1.591536e-03	0.000000e+00	4.603666e+00	4.999770e+00	
19	1.826382e-03	0.000000e+00	4.779401e+00	5.000008e+00	
20	1.993687e-03	0.000000e+00	4.874558e+00	4.999989e+00	
21	2.158123e-03	0.000000e+00	4.942543e+00	5.000011e+00	
22	2.420372e-03	0.000000e+00	4.996872e+00	4.999989e+00	
23	2.944871e-03	0.000000e+00	4.902970e+00	5.000011e+00	
24	3.512983e-03	0.000000e+00	4.510488e+00	4.998724e+00	
25	4.071323e-03	0.000000e+00	3.877380e+00	4.941466e+00	
26	4.776243e-03	0.000000e+00	2.850320e+00	4.700070e+00	
27	5.594063e-03	0.000000e+00	1.588366e+00	4.326263e+00	
28	6.417546e-03	0.000000e+00	5.562666e-01	4.073230e+00	
29	7.102325e-03	0.000000e+00	7.763636e-02	3.971064e+00	
30	7.560734e-03	0.000000e+00	1.820043e-03	3.955475e+00	
31	8.014040e-03	0.000000e+00	1.292662e-01	3.981704e+00	
32	8.487902e-03	0.000000e+00	4.663457e-01	4.053370e+00	
33	9.055473e-03	0.000000e+00	1.101911e+00	4.200416e+00	
34	9.715858e-03	0.000000e+00	2.056038e+00	4.459816e+00	
35	1.000000e-02	0.000000e+00	2.500000e+00	4.595328e+00	
36	1.000857e-02	4.283539e-02	2.513457e+00	4.599409e+00	
37	1.002570e-02	1.285062e-01	2.540370e+00	4.607610e+00	
38	1.005997e-02	2.998478e-01	2.594178e+00	4.623941e+00	
39	1.012851e-02	6.425309e-01	2.701638e+00	4.656226e+00	
40	1.020142e-02	1.007098e+00	2.815545e+00	4.689844e+00	
41	1.026730e-02	1.336484e+00	2.917898e+00	4.719406e+00	
42	1.034238e-02	1.711898e+00	3.033670e+00	4.751930e+00	
43	1.045510e-02	2.275522e+00	3.205174e+00	4.797999e+00	
44	1.061903e-02	3.095169e+00	3.448044e+00	4.857667e+00	
45	1.094689e-02	4.734462e+00	3.901169e+00	4.944999e+00	
46	1.100000e-02	5.000000e+00	3.969463e+00	4.954855e+00	
47	1.101943e-02	5.000000e+00	3.994043e+00	4.958171e+00	
48	1.105829e-02	5.000000e+00	4.042531e+00	4.964353e+00	
49	1.113600e-02	5.000000e+00	4.136721e+00	4.974969e+00	
50	1.129143e-02	5.000000e+00	4.313180e+00	4.989941e+00	
51	1.160229e-02	5.000000e+00	4.612744e+00	4.999813e+00	
52	1.184642e-02	5.000000e+00	4.792148e+00	5.000029e+00	
53	1.200000e-02	5.000000e+00	4.877641e+00	4.999969e+00	
54	1.200669e-02	5.000000e+00	4.880867e+00	5.000001e+00	

Index   time            /clk_inv        /in             /net1           
--------------------------------------------------------------------------------
55	1.202007e-02	5.000000e+00	4.887194e+00	4.999999e+00	
56	1.204683e-02	5.000000e+00	4.899339e+00	5.000001e+00	
57	1.210034e-02	5.000000e+00	4.921593e+00	4.999999e+00	
58	1.220738e-02	5.000000e+00	4.957864e+00	5.000001e+00	
59	1.242145e-02	5.000000e+00	4.996956e+00	4.999999e+00	
60	1.284959e-02	5.000000e+00	4.939934e+00	5.000001e+00	
61	1.335411e-02	5.000000e+00	4.648559e+00	4.999925e+00	
62	1.390336e-02	5.000000e+00	4.089492e+00	4.969975e+00	
63	1.442920e-02	5.000000e+00	3.377506e+00	4.841213e+00	
64	1.523847e-02	5.000000e+00	2.126809e+00	4.481271e+00	
65	1.622499e-02	5.000000e+00	7.602252e-01	4.119297e+00	
66	1.709784e-02	5.000000e+00	7.938963e-02	3.971417e+00	
67	1.764165e-02	5.000000e+00	9.895654e-03	3.957126e+00	
68	1.807483e-02	5.000000e+00	1.612958e-01	3.988354e+00	
69	1.848964e-02	5.000000e+00	4.679309e-01	4.053724e+00	
70	1.888597e-02	5.000000e+00	8.895181e-01	4.149337e+00	
71	1.940470e-02	5.000000e+00	1.586563e+00	4.325616e+00	
72	2.000000e-02	5.000000e+00	2.500000e+00	4.595318e+00	
73	2.001671e-02	5.000000e+00	2.526240e+00	4.603308e+00	
74	2.005012e-02	5.000000e+00	2.578708e+00	4.619255e+00	
75	2.011694e-02	5.000000e+00	2.683516e+00	4.650818e+00	
76	2.018806e-02	5.000000e+00	2.794712e+00	4.683747e+00	
77	2.025241e-02	5.000000e+00	2.894831e+00	4.712785e+00	
78	2.032581e-02	5.000000e+00	3.008221e+00	4.744861e+00	
79	2.042413e-02	5.000000e+00	3.158363e+00	4.785700e+00	
80	2.062076e-02	5.000000e+00	3.450551e+00	4.858243e+00	
81	2.086926e-02	5.000000e+00	3.798547e+00	4.928444e+00	
82	2.100000e-02	5.000000e+00	3.969463e+00	4.954857e+00	
83	2.103900e-02	4.804986e+00	4.018582e+00	4.961360e+00	
84	2.111701e-02	4.414957e+00	4.114054e+00	4.972584e+00	
85	2.127302e-02	3.634900e+00	4.293150e+00	4.988575e+00	
86	2.158504e-02	2.074785e+00	4.598138e+00	4.999742e+00	
87	2.182804e-02	8.597885e-01	4.780471e+00	5.000009e+00	
88	2.198279e-02	8.606780e-02	4.869147e+00	4.999988e+00	
89	2.200000e-02	4.440892e-15	4.877641e+00	5.000010e+00	
90	2.200244e-02	0.000000e+00	4.878825e+00	5.000002e+00	
91	2.200733e-02	0.000000e+00	4.881176e+00	4.999998e+00	
92	2.201711e-02	0.000000e+00	4.885811e+00	5.000001e+00	
93	2.203667e-02	0.000000e+00	4.894810e+00	4.999998e+00	
94	2.207579e-02	0.000000e+00	4.911721e+00	5.000001e+00	
95	2.215403e-02	0.000000e+00	4.941164e+00	4.999999e+00	
96	2.231050e-02	0.000000e+00	4.982300e+00	5.000001e+00	
97	2.262345e-02	0.000000e+00	4.992484e+00	4.999999e+00	
98	2.324934e-02	0.000000e+00	4.727988e+00	4.999990e+00	
99	2.389593e-02	0.000000e+00	4.098479e+00	4.970970e+00	
100	2.448606e-02	0.000000e+00	3.293341e+00	4.820613e+00	
101	2.524739e-02	0.000000e+00	2.112965e+00	4.477081e+00	
102	2.611421e-02	0.000000e+00	8.893068e-01	4.149347e+00	
103	2.700785e-02	0.000000e+00	1.185764e-01	3.979506e+00	
104	2.743754e-02	0.000000e+00	1.924927e-03	3.955516e+00	
105	2.763470e-02	0.000000e+00	8.948346e-03	3.956957e+00	
106	2.782998e-02	0.000000e+00	5.354017e-02	3.966037e+00	
107	2.822053e-02	0.000000e+00	2.518514e-01	4.007339e+00	
108	2.857462e-02	0.000000e+00	5.485521e-01	4.071468e+00	
109	2.890873e-02	0.000000e+00	9.170354e-01	4.155826e+00	
110	2.957696e-02	0.000000e+00	1.843289e+00	4.397423e+00	
111	3.000000e-02	0.000000e+00	2.500000e+00	4.595309e+00	
112	3.001238e-02	6.187924e-02	2.519440e+00	4.601233e+00	

Index   time            /clk_inv        /in             /net1           
--------------------------------------------------------------------------------
113	3.003713e-02	1.856377e-01	2.558315e+00	4.613067e+00	
114	3.008663e-02	4.331547e-01	2.636012e+00	4.636567e+00	
115	3.015965e-02	7.982561e-01	2.750359e+00	4.670690e+00	
116	3.023662e-02	1.183085e+00	2.870309e+00	4.705745e+00	
117	3.030794e-02	1.539723e+00	2.980706e+00	4.737182e+00	
118	3.042787e-02	2.139348e+00	3.164029e+00	4.787202e+00	
119	3.054846e-02	2.742302e+00	3.344569e+00	4.833152e+00	
120	3.078964e-02	3.948210e+00	3.690101e+00	4.908781e+00	
121	3.100000e-02	5.000000e+00	3.969463e+00	4.954859e+00	
122	3.104824e-02	5.000000e+00	4.030078e+00	4.962810e+00	
123	3.114471e-02	5.000000e+00	4.147036e+00	4.976023e+00	
124	3.133765e-02	5.000000e+00	4.362397e+00	4.992964e+00	
125	3.172354e-02	5.000000e+00	4.708344e+00	4.999989e+00	
126	3.200000e-02	5.000000e+00	4.877641e+00	5.000002e+00	
127	3.200550e-02	5.000000e+00	4.880299e+00	5.000001e+00	
128	3.201651e-02	5.000000e+00	4.885528e+00	4.999998e+00	
129	3.203656e-02	5.000000e+00	4.894760e+00	5.000001e+00	
130	3.207667e-02	5.000000e+00	4.912083e+00	4.999999e+00	
131	3.215687e-02	5.000000e+00	4.942123e+00	5.000001e+00	
132	3.231728e-02	5.000000e+00	4.983542e+00	4.999999e+00	
133	3.263809e-02	5.000000e+00	4.990596e+00	5.000001e+00	
134	3.327972e-02	5.000000e+00	4.705935e+00	4.999980e+00	
135	3.390350e-02	5.000000e+00	4.089317e+00	4.969951e+00	
136	3.449271e-02	5.000000e+00	3.283418e+00	4.818120e+00	
137	3.550092e-02	5.000000e+00	1.726083e+00	4.364299e+00	
138	3.651088e-02	5.000000e+00	4.674567e-01	4.053684e+00	
139	3.719862e-02	5.000000e+00	4.468904e-02	3.964284e+00	
140	3.769036e-02	5.000000e+00	1.786102e-02	3.958752e+00	
141	3.817083e-02	5.000000e+00	2.188047e-01	4.000384e+00	
142	3.856894e-02	5.000000e+00	5.429821e-01	4.070229e+00	
143	3.898644e-02	5.000000e+00	1.013353e+00	4.178853e+00	
144	3.972292e-02	5.000000e+00	2.066963e+00	4.463095e+00	
145	4.000000e-02	5.000000e+00	2.500000e+00	4.595318e+00	
146	4.000837e-02	5.000000e+00	2.513148e+00	4.599316e+00	
147	4.002511e-02	5.000000e+00	2.539443e+00	4.607327e+00	
148	4.005859e-02	5.000000e+00	2.592018e+00	4.623289e+00	
149	4.012556e-02	5.000000e+00	2.697021e+00	4.654848e+00	
150	4.018938e-02	5.000000e+00	2.796781e+00	4.684356e+00	
151	4.025051e-02	5.000000e+00	2.891875e+00	4.711934e+00	
152	4.032056e-02	5.000000e+00	3.000140e+00	4.742610e+00	
153	4.041133e-02	5.000000e+00	3.138940e+00	4.780532e+00	
154	4.059285e-02	5.000000e+00	3.409863e+00	4.848791e+00	
155	4.082927e-02	5.000000e+00	3.744465e+00	4.918907e+00	
156	4.100000e-02	5.000000e+00	3.969463e+00	4.954859e+00	
157	4.104728e-02	4.763585e+00	4.028893e+00	4.962662e+00	
158	4.114185e-02	4.290754e+00	4.143654e+00	4.975681e+00	
159	4.133098e-02	3.345094e+00	4.355388e+00	4.992564e+00	
160	4.170925e-02	1.453772e+00	4.697726e+00	4.999970e+00	
161	4.196632e-02	1.684173e-01	4.860760e+00	5.000005e+00	
162	4.200000e-02	0.000000e+00	4.877641e+00	4.999994e+00	
163	4.200276e-02	0.000000e+00	4.878979e+00	5.000001e+00	
164	4.200829e-02	0.000000e+00	4.881633e+00	4.999999e+00	
165	4.201934e-02	0.000000e+00	4.886854e+00	5.000000e+00	
166	4.204145e-02	0.000000e+00	4.896952e+00	4.999999e+00	
167	4.208566e-02	0.000000e+00	4.915757e+00	5.000001e+00	
168	4.217408e-02	0.000000e+00	4.947763e+00	4.999999e+00	
169	4.235092e-02	0.000000e+00	4.989041e+00	5.000001e+00	
170	4.270461e-02	0.000000e+00	4.979369e+00	4.999999e+00	

Index   time            /clk_inv        /in             /net1           
--------------------------------------------------------------------------------
171	4.325270e-02	0.000000e+00	4.725588e+00	4.999989e+00	
172	4.384396e-02	0.000000e+00	4.160380e+00	4.977434e+00	
173	4.438634e-02	0.000000e+00	3.440235e+00	4.855981e+00	
174	4.516348e-02	0.000000e+00	2.243656e+00	4.516819e+00	
175	4.604907e-02	0.000000e+00	9.688852e-01	4.168237e+00	
176	4.696366e-02	0.000000e+00	1.406172e-01	3.984080e+00	
177	4.734794e-02	0.000000e+00	1.140233e-02	3.957450e+00	
178	4.747164e-02	0.000000e+00	3.968448e-04	3.955207e+00	
179	4.762890e-02	0.000000e+00	8.194874e-03	3.956781e+00	
180	4.794342e-02	0.000000e+00	9.640208e-02	3.974891e+00	
181	4.838258e-02	0.000000e+00	3.746415e-01	4.033499e+00	
182	4.880507e-02	0.000000e+00	7.944449e-01	4.127136e+00	
183	4.923457e-02	0.000000e+00	1.343485e+00	4.261202e+00	
184	4.986926e-02	0.000000e+00	2.294867e+00	4.532377e+00	
185	5.000000e-02	0.000000e+00	2.500000e+00	4.595292e+00	
186	5.000506e-02	2.528973e-02	2.507945e+00	4.597726e+00	
187	5.001517e-02	7.586919e-02	2.523835e+00	4.602573e+00	
188	5.003541e-02	1.770281e-01	2.555610e+00	4.612245e+00	
189	5.007587e-02	3.793460e-01	2.619130e+00	4.631480e+00	
190	5.015680e-02	7.839816e-01	2.745897e+00	4.669370e+00	
191	5.023986e-02	1.199319e+00	2.875352e+00	4.707199e+00	
192	5.031534e-02	1.576686e+00	2.992096e+00	4.740374e+00	
193	5.043986e-02	2.199276e+00	3.182161e+00	4.791979e+00	
194	5.056502e-02	2.825112e+00	3.369009e+00	4.839072e+00	
195	5.081536e-02	4.076784e+00	3.725466e+00	4.915429e+00	
196	5.100000e-02	5.000000e+00	3.969463e+00	4.954859e+00	
197	5.105007e-02	5.000000e+00	4.032351e+00	4.963093e+00	
198	5.115020e-02	5.000000e+00	4.153516e+00	4.976671e+00	
199	5.135047e-02	5.000000e+00	4.375764e+00	4.993695e+00	
200	5.170293e-02	5.000000e+00	4.692982e+00	4.999978e+00	
201	5.196857e-02	5.000000e+00	4.861921e+00	5.000007e+00	
202	5.200000e-02	5.000000e+00	4.877641e+00	4.999992e+00	
203	5.200152e-02	5.000000e+00	4.878376e+00	5.000008e+00	
204	5.200455e-02	5.000000e+00	4.879839e+00	4.999992e+00	
205	5.201061e-02	5.000000e+00	4.882738e+00	5.000007e+00	
206	5.202273e-02	5.000000e+00	4.888434e+00	4.999993e+00	
207	5.204698e-02	5.000000e+00	4.899408e+00	5.000006e+00	
208	5.209548e-02	5.000000e+00	4.919684e+00	4.999994e+00	
209	5.219248e-02	5.000000e+00	4.953478e+00	5.000006e+00	
210	5.238648e-02	5.000000e+00	4.993643e+00	4.999994e+00	
211	5.277447e-02	5.000000e+00	4.962915e+00	5.000006e+00	
212	5.331420e-02	5.000000e+00	4.679938e+00	4.999958e+00	
213	5.389260e-02	5.000000e+00	4.102502e+00	4.971427e+00	
214	5.443433e-02	5.000000e+00	3.369965e+00	4.839401e+00	
215	5.538509e-02	5.000000e+00	1.900992e+00	4.414255e+00	
216	5.636145e-02	5.000000e+00	6.128739e-01	4.085852e+00	
217	5.709605e-02	5.000000e+00	8.009248e-02	3.971566e+00	
218	5.758914e-02	5.000000e+00	3.920320e-03	3.955905e+00	
219	5.808634e-02	5.000000e+00	1.677430e-01	3.989702e+00	
220	5.848122e-02	5.000000e+00	4.602622e-01	4.052045e+00	
221	5.895455e-02	5.000000e+00	9.733908e-01	4.169255e+00	
222	5.952555e-02	5.000000e+00	1.765720e+00	4.375302e+00	
223	6.000000e-02	5.000000e+00	2.500000e+00	4.595323e+00	
224	6.001335e-02	5.000000e+00	2.520976e+00	4.601703e+00	
225	6.004006e-02	5.000000e+00	2.562922e+00	4.614466e+00	
226	6.009348e-02	5.000000e+00	2.646748e+00	4.639797e+00	
227	6.016544e-02	5.000000e+00	2.759413e+00	4.673363e+00	
228	6.023507e-02	5.000000e+00	2.867906e+00	4.705041e+00	

Index   time            /clk_inv        /in             /net1           
--------------------------------------------------------------------------------
229	6.030394e-02	5.000000e+00	2.974534e+00	4.735426e+00	
230	6.042397e-02	5.000000e+00	3.158129e+00	4.785644e+00	
231	6.064762e-02	5.000000e+00	3.489436e+00	4.867051e+00	
232	6.086263e-02	5.000000e+00	3.789634e+00	4.926917e+00	
233	6.100000e-02	5.000000e+00	3.969463e+00	4.954864e+00	
234	6.104300e-02	4.784993e+00	4.023566e+00	4.961992e+00	
235	6.112900e-02	4.354980e+00	4.128397e+00	4.974108e+00	
236	6.130101e-02	3.494954e+00	4.323506e+00	4.990638e+00	
237	6.164502e-02	1.774902e+00	4.647862e+00	4.999909e+00	
238	6.190262e-02	4.868873e-01	4.825955e+00	5.000010e+00	
239	6.200000e-02	0.000000e+00	4.877641e+00	4.999988e+00	
240	6.200681e-02	0.000000e+00	4.880923e+00	5.000000e+00	
241	6.202042e-02	0.000000e+00	4.887356e+00	5.000000e+00	
242	6.204764e-02	0.000000e+00	4.899698e+00	5.000000e+00	
243	6.210209e-02	0.000000e+00	4.922271e+00	5.000000e+00	
244	6.221098e-02	0.000000e+00	4.958892e+00	5.000000e+00	
245	6.242877e-02	0.000000e+00	4.997496e+00	5.000000e+00	
246	6.286434e-02	0.000000e+00	4.934780e+00	5.000000e+00	
247	6.336555e-02	0.000000e+00	4.639319e+00	4.999908e+00	
248	6.389610e-02	0.000000e+00	4.098274e+00	4.970957e+00	
249	6.441559e-02	0.000000e+00	3.397503e+00	4.845977e+00	
250	6.519298e-02	0.000000e+00	2.197605e+00	4.502763e+00	
251	6.601491e-02	0.000000e+00	1.011660e+00	4.178503e+00	
252	6.693445e-02	0.000000e+00	1.561850e-01	3.987326e+00	
253	6.766364e-02	0.000000e+00	1.320293e-02	3.957800e+00	
254	6.788679e-02	0.000000e+00	7.346335e-02	3.970173e+00	
255	6.810361e-02	0.000000e+00	1.776512e-01	3.991734e+00	
256	6.832150e-02	0.000000e+00	3.256998e-01	4.023031e+00	
257	6.859943e-02	0.000000e+00	5.731462e-01	4.076919e+00	
258	6.886288e-02	0.000000e+00	8.619552e-01	4.142862e+00	
259	6.935946e-02	0.000000e+00	1.520790e+00	4.307850e+00	
260	6.998799e-02	0.000000e+00	2.481139e+00	4.589552e+00	
261	7.000000e-02	0.000000e+00	2.500000e+00	4.595284e+00	
262	7.000147e-02	7.337250e-03	2.502305e+00	4.596004e+00	
263	7.000440e-02	2.201175e-02	2.506915e+00	4.597412e+00	
264	7.001027e-02	5.136075e-02	2.516135e+00	4.600225e+00	
265	7.002201e-02	1.100588e-01	2.534575e+00	4.605846e+00	
266	7.004549e-02	2.274548e-01	2.571447e+00	4.617053e+00	
267	7.009245e-02	4.622468e-01	2.645137e+00	4.639312e+00	
268	7.016089e-02	8.044654e-01	2.752300e+00	4.671263e+00	
269	7.023169e-02	1.158464e+00	2.862658e+00	4.703535e+00	
270	7.029813e-02	1.490659e+00	2.965570e+00	4.732925e+00	
271	7.041256e-02	2.062794e+00	3.140813e+00	4.781037e+00	
272	7.052762e-02	2.638091e+00	3.313683e+00	4.825562e+00	
273	7.075774e-02	3.788684e+00	3.645791e+00	4.900158e+00	
274	7.100000e-02	5.000000e+00	3.969463e+00	4.954859e+00	
275	7.104602e-02	5.000000e+00	4.027328e+00	4.962465e+00	
276	7.113807e-02	5.000000e+00	4.139178e+00	4.975224e+00	
277	7.132217e-02	5.000000e+00	4.346079e+00	4.992018e+00	
278	7.169036e-02	5.000000e+00	4.683429e+00	4.999968e+00	
279	7.196601e-02	5.000000e+00	4.860599e+00	5.000011e+00	
280	7.200000e-02	5.000000e+00	4.877641e+00	4.999988e+00	
281	7.200156e-02	5.000000e+00	4.878398e+00	5.000008e+00	
282	7.200468e-02	5.000000e+00	4.879904e+00	4.999993e+00	
283	7.201093e-02	5.000000e+00	4.882889e+00	5.000006e+00	
284	7.202342e-02	5.000000e+00	4.888749e+00	4.999994e+00	
285	7.204839e-02	5.000000e+00	4.900028e+00	5.000006e+00	
286	7.209834e-02	5.000000e+00	4.920810e+00	4.999994e+00	

Index   time            /clk_inv        /in             /net1           
--------------------------------------------------------------------------------
287	7.219825e-02	5.000000e+00	4.955201e+00	5.000006e+00	
288	7.239806e-02	5.000000e+00	4.994874e+00	4.999994e+00	
289	7.279768e-02	5.000000e+00	4.956398e+00	5.000006e+00	
290	7.334823e-02	5.000000e+00	4.653270e+00	4.999927e+00	
291	7.392716e-02	5.000000e+00	4.060452e+00	4.966621e+00	
292	7.447879e-02	5.000000e+00	3.304161e+00	4.823297e+00	
293	7.535714e-02	5.000000e+00	1.943699e+00	4.426724e+00	
294	7.635060e-02	5.000000e+00	6.240970e-01	4.088367e+00	
295	7.709524e-02	5.000000e+00	8.041142e-02	3.971633e+00	
296	7.760494e-02	5.000000e+00	5.432394e-03	3.956212e+00	
297	7.812027e-02	5.000000e+00	1.874704e-01	3.993823e+00	
298	7.850792e-02	5.000000e+00	4.847987e-01	4.057410e+00	
299	7.893253e-02	5.000000e+00	9.461427e-01	4.162751e+00	
300	7.950648e-02	5.000000e+00	1.737146e+00	4.367248e+00	
301	8.000000e-02	5.000000e+00	2.500000e+00	4.595324e+00	
302	8.001395e-02	5.000000e+00	2.521911e+00	4.601988e+00	
303	8.004185e-02	5.000000e+00	2.565727e+00	4.615317e+00	
304	8.009764e-02	5.000000e+00	2.653284e+00	4.641760e+00	
305	8.016287e-02	5.000000e+00	2.755394e+00	4.672177e+00	
306	8.023349e-02	5.000000e+00	2.865451e+00	4.704333e+00	
307	8.030028e-02	5.000000e+00	2.968885e+00	4.733836e+00	
308	8.042048e-02	5.000000e+00	3.152829e+00	4.784239e+00	
309	8.063583e-02	5.000000e+00	3.472400e+00	4.863216e+00	
310	8.084804e-02	5.000000e+00	3.769948e+00	4.923477e+00	
311	8.100000e-02	5.000000e+00	3.969463e+00	4.954850e+00	
312	8.104244e-02	4.787791e+00	4.022869e+00	4.961904e+00	
313	8.112733e-02	4.363373e+00	4.126396e+00	4.973898e+00	
314	8.129709e-02	3.514537e+00	4.319292e+00	4.990363e+00	
315	8.163663e-02	1.816866e+00	4.641086e+00	4.999895e+00	
316	8.189012e-02	5.494086e-01	4.818682e+00	5.000011e+00	
317	8.200000e-02	1.332268e-14	4.877641e+00	4.999988e+00	
318	8.200779e-02	0.000000e+00	4.881394e+00	5.000000e+00	
319	8.202337e-02	0.000000e+00	4.888729e+00	5.000000e+00	
320	8.205453e-02	0.000000e+00	4.902711e+00	5.000000e+00	
321	8.211686e-02	0.000000e+00	4.927906e+00	5.000000e+00	
322	8.224150e-02	0.000000e+00	4.967097e+00	5.000000e+00	
323	8.249079e-02	0.000000e+00	4.999958e+00	5.000000e+00	
324	8.298937e-02	0.000000e+00	4.882746e+00	5.000000e+00	
325	8.353000e-02	0.000000e+00	4.494487e+00	4.998378e+00	
326	8.402245e-02	0.000000e+00	3.940783e+00	4.950937e+00	
327	8.462610e-02	0.000000e+00	3.081929e+00	4.765288e+00	
328	8.539552e-02	0.000000e+00	1.885096e+00	4.409635e+00	
329	8.618592e-02	0.000000e+00	8.048271e-01	4.129599e+00	
330	8.696336e-02	0.000000e+00	1.407749e-01	3.984117e+00	
331	8.734469e-02	0.000000e+00	1.189396e-02	3.957546e+00	
332	8.752274e-02	0.000000e+00	2.551263e-04	3.955194e+00	
333	8.769910e-02	0.000000e+00	1.953702e-02	3.959081e+00	
334	8.805183e-02	0.000000e+00	1.487751e-01	3.985746e+00	
335	8.834554e-02	0.000000e+00	3.445865e-01	4.027041e+00	
336	8.873821e-02	0.000000e+00	7.191819e-01	4.109847e+00	
337	8.910823e-02	0.000000e+00	1.171362e+00	4.217553e+00	
338	8.965101e-02	0.000000e+00	1.956192e+00	4.430256e+00	
339	9.000000e-02	0.000000e+00	2.500000e+00	4.595284e+00	
340	9.000982e-02	4.908151e-02	2.515419e+00	4.600007e+00	
341	9.002945e-02	1.472445e-01	2.546256e+00	4.609401e+00	
342	9.006871e-02	3.435705e-01	2.607902e+00	4.628090e+00	
343	9.014724e-02	7.362226e-01	2.730961e+00	4.664945e+00	
344	9.022923e-02	1.146134e+00	2.858825e+00	4.702425e+00	

Index   time            /clk_inv        /in             /net1           
--------------------------------------------------------------------------------
345	9.030309e-02	1.515467e+00	2.973225e+00	4.735082e+00	
346	9.041098e-02	2.054890e+00	3.138412e+00	4.780396e+00	
347	9.053169e-02	2.658440e+00	3.319725e+00	4.827058e+00	
348	9.077311e-02	3.865540e+00	3.667197e+00	4.904377e+00	
349	9.100000e-02	5.000000e+00	3.969463e+00	4.954860e+00	
350	9.104828e-02	5.000000e+00	4.030137e+00	4.962817e+00	
351	9.114485e-02	5.000000e+00	4.147205e+00	4.976041e+00	
352	9.133799e-02	5.000000e+00	4.362746e+00	4.992983e+00	
353	9.172426e-02	5.000000e+00	4.708870e+00	4.999989e+00	
354	9.200000e-02	5.000000e+00	4.877641e+00	5.000001e+00	
355	9.200550e-02	5.000000e+00	4.880297e+00	5.000001e+00	
356	9.201650e-02	5.000000e+00	4.885525e+00	4.999998e+00	
357	9.203654e-02	5.000000e+00	4.894751e+00	5.000001e+00	
358	9.207662e-02	5.000000e+00	4.912065e+00	4.999999e+00	
359	9.215678e-02	5.000000e+00	4.942093e+00	5.000001e+00	
360	9.231709e-02	5.000000e+00	4.983509e+00	4.999999e+00	
361	9.263772e-02	5.000000e+00	4.990646e+00	5.000001e+00	
362	9.327898e-02	5.000000e+00	4.706482e+00	4.999980e+00	
363	9.390320e-02	5.000000e+00	4.089680e+00	4.969992e+00	
364	9.449239e-02	5.000000e+00	3.283901e+00	4.818241e+00	
365	9.550058e-02	5.000000e+00	1.726597e+00	4.364443e+00	
366	9.651056e-02	5.000000e+00	4.677529e-01	4.053748e+00	
367	9.719838e-02	5.000000e+00	4.475895e-02	3.964298e+00	
368	9.769015e-02	5.000000e+00	1.782220e-02	3.958744e+00	
369	9.817067e-02	5.000000e+00	2.186991e-01	4.000362e+00	
370	9.856877e-02	5.000000e+00	5.428191e-01	4.070193e+00	
371	9.898635e-02	5.000000e+00	1.013244e+00	4.178826e+00	
372	9.972224e-02	5.000000e+00	2.065906e+00	4.462779e+00	
373	1.000000e-01	5.000000e+00	2.500000e+00	4.595318e+00	

                                kicad schematic
                                Transient Analysis  Fri Nov  8 07:11:36  2024
--------------------------------------------------------------------------------
Index   time            /net2           /out            /vbias          
--------------------------------------------------------------------------------
0	0.000000e+00	4.593516e+00	2.778725e-01	5.000000e+00	
1	1.000000e-05	4.588724e+00	2.779445e-01	5.000000e+00	
2	2.000000e-05	4.583852e+00	2.779780e-01	5.000000e+00	
3	4.000000e-05	4.574077e+00	2.781160e-01	5.000000e+00	
4	7.374423e-05	4.557501e+00	2.785825e-01	5.000000e+00	
5	1.088222e-04	4.540168e+00	2.795496e-01	5.000000e+00	
6	1.417498e-04	4.523812e+00	2.826575e-01	5.000000e+00	
7	1.828864e-04	4.503276e+00	2.943873e-01	5.000000e+00	
8	2.270041e-04	4.481136e+00	3.313602e-01	5.000000e+00	
9	3.152394e-04	4.436559e+00	5.017506e-01	5.000000e+00	
10	4.009691e-04	4.392954e+00	5.957068e-01	5.000000e+00	
11	5.002763e-04	4.342145e+00	6.480362e-01	5.000000e+00	
12	6.988907e-04	4.239974e+00	6.868991e-01	5.000000e+00	
13	9.010182e-04	4.140012e+00	6.902894e-01	5.000000e+00	
14	1.000000e-03	4.100442e+00	6.872565e-01	5.000000e+00	
15	1.040425e-03	4.086634e+00	6.872976e-01	5.000000e+00	
16	1.121276e-03	4.062582e+00	6.890160e-01	5.000000e+00	
17	1.278030e-03	4.027009e+00	6.913483e-01	5.000000e+00	
18	1.591536e-03	3.985150e+00	6.929172e-01	5.000000e+00	
19	1.826382e-03	3.969074e+00	6.929561e-01	5.000000e+00	
20	1.993687e-03	3.962296e+00	6.929488e-01	5.000000e+00	
21	2.158123e-03	3.958182e+00	6.929565e-01	5.000000e+00	
22	2.420372e-03	3.955287e+00	6.929488e-01	5.000000e+00	
23	2.944871e-03	3.960485e+00	6.929565e-01	5.000000e+00	
24	3.512983e-03	3.995788e+00	6.927660e-01	5.000000e+00	
25	4.071323e-03	4.127982e+00	6.842552e-01	5.000000e+00	
26	4.776243e-03	4.482621e+00	6.431290e-01	5.000000e+00	
27	5.594063e-03	4.848442e+00	5.681572e-01	5.000000e+00	
28	6.417546e-03	4.996742e+00	5.177484e-01	5.000000e+00	
29	7.102325e-03	5.000020e+00	4.979706e-01	5.000000e+00	
30	7.560734e-03	4.999980e+00	4.949851e-01	5.000000e+00	
31	8.014040e-03	5.000020e+00	5.000162e-01	5.000000e+00	
32	8.487902e-03	4.999120e+00	5.138706e-01	5.000000e+00	
33	9.055473e-03	4.944287e+00	5.428446e-01	5.000000e+00	
34	9.715858e-03	4.725797e+00	5.953535e-01	5.000000e+00	
35	1.000000e-02	4.593617e+00	6.228284e-01	5.000000e+00	
36	1.000857e-02	4.589420e+00	6.236373e-01	5.000000e+00	
37	1.002570e-02	4.581065e+00	6.252647e-01	5.000000e+00	
38	1.005997e-02	4.564279e+00	6.284875e-01	5.000000e+00	
39	1.012851e-02	4.530396e+00	6.347773e-01	5.000000e+00	
40	1.020142e-02	4.493986e+00	6.419786e-01	5.000000e+00	
41	1.026730e-02	4.460812e+00	6.673796e-01	5.000000e+00	
42	1.034238e-02	4.422788e+00	6.897638e-01	5.000000e+00	
43	1.045510e-02	4.365285e+00	7.037038e-01	5.000000e+00	
44	1.061903e-02	4.281107e+00	7.055493e-01	5.000000e+00	
45	1.094689e-02	4.120614e+00	6.948302e-01	5.000000e+00	
46	1.100000e-02	4.100434e+00	6.931430e-01	5.000000e+00	
47	1.101943e-02	4.093647e+00	6.928143e-01	5.000000e+00	
48	1.105829e-02	4.080930e+00	6.934610e-01	5.000000e+00	
49	1.113600e-02	4.058667e+00	6.945304e-01	5.000000e+00	
50	1.129143e-02	4.024524e+00	6.936589e-01	5.000000e+00	
51	1.160229e-02	3.984191e+00	6.430339e-01	5.000000e+00	
52	1.184642e-02	3.968082e+00	4.975451e-01	5.000000e+00	
53	1.200000e-02	3.962108e+00	4.963646e-01	5.000000e+00	
54	1.200669e-02	3.961891e+00	4.962171e-01	5.000000e+00	

Index   time            /net2           /out            /vbias          
--------------------------------------------------------------------------------
55	1.202007e-02	3.961488e+00	4.961379e-01	5.000000e+00	
56	1.204683e-02	3.960730e+00	4.959950e-01	5.000000e+00	
57	1.210034e-02	3.959388e+00	4.957364e-01	5.000000e+00	
58	1.220738e-02	3.957327e+00	4.953445e-01	5.000000e+00	
59	1.242145e-02	3.955283e+00	4.949521e-01	5.000000e+00	
60	1.284959e-02	3.958310e+00	4.955320e-01	5.000000e+00	
61	1.335411e-02	3.980517e+00	4.997826e-01	5.000000e+00	
62	1.390336e-02	4.069352e+00	5.169531e-01	5.000000e+00	
63	1.442920e-02	4.305785e+00	5.639901e-01	5.000000e+00	
64	1.523847e-02	4.705403e+00	6.441214e-01	5.000000e+00	
65	1.622499e-02	4.984354e+00	6.906731e-01	5.000000e+00	
66	1.709784e-02	5.000019e+00	6.929560e-01	5.000000e+00	
67	1.764165e-02	4.999981e+00	6.929493e-01	5.000000e+00	
68	1.807483e-02	5.000019e+00	6.929559e-01	5.000000e+00	
69	1.848964e-02	4.999098e+00	6.928217e-01	5.000000e+00	
70	1.888597e-02	4.972101e+00	6.888665e-01	5.000000e+00	
71	1.940470e-02	4.848949e+00	6.694898e-01	5.000000e+00	
72	2.000000e-02	4.593619e+00	6.224978e-01	5.000000e+00	
73	2.001671e-02	4.585456e+00	6.208685e-01	5.000000e+00	
74	2.005012e-02	4.569117e+00	6.175926e-01	5.000000e+00	
75	2.011694e-02	4.536143e+00	6.109321e-01	5.000000e+00	
76	2.018806e-02	4.500684e+00	6.043726e-01	5.000000e+00	
77	2.025241e-02	4.468346e+00	6.233642e-01	5.000000e+00	
78	2.032581e-02	4.431203e+00	6.586000e-01	5.000000e+00	
79	2.042413e-02	4.381134e+00	6.874671e-01	5.000000e+00	
80	2.062076e-02	4.280211e+00	7.073455e-01	5.000000e+00	
81	2.086926e-02	4.154492e+00	7.015868e-01	5.000000e+00	
82	2.100000e-02	4.100439e+00	6.930973e-01	5.000000e+00	
83	2.103900e-02	4.087099e+00	6.916039e-01	5.000000e+00	
84	2.111701e-02	4.063744e+00	6.899570e-01	5.000000e+00	
85	2.127302e-02	4.027923e+00	6.871490e-01	5.000000e+00	
86	2.158504e-02	3.985740e+00	6.849469e-01	5.000000e+00	
87	2.182804e-02	3.968990e+00	6.925929e-01	5.000000e+00	
88	2.198279e-02	3.962650e+00	6.933063e-01	5.000000e+00	
89	2.200000e-02	3.962096e+00	6.926038e-01	5.000000e+00	
90	2.200244e-02	3.962026e+00	6.929416e-01	5.000000e+00	
91	2.200733e-02	3.961866e+00	6.929628e-01	5.000000e+00	
92	2.201711e-02	3.961580e+00	6.929429e-01	5.000000e+00	
93	2.203667e-02	3.961006e+00	6.929622e-01	5.000000e+00	
94	2.207579e-02	3.959980e+00	6.929432e-01	5.000000e+00	
95	2.215403e-02	3.958253e+00	6.929620e-01	5.000000e+00	
96	2.231050e-02	3.956035e+00	6.929433e-01	5.000000e+00	
97	2.262345e-02	3.955499e+00	6.929620e-01	5.000000e+00	
98	2.324934e-02	3.973234e+00	6.929417e-01	5.000000e+00	
99	2.389593e-02	4.067233e+00	6.887210e-01	5.000000e+00	
100	2.448606e-02	4.334998e+00	6.647113e-01	5.000000e+00	
101	2.524739e-02	4.709399e+00	5.989101e-01	5.000000e+00	
102	2.611421e-02	4.972005e+00	5.326984e-01	5.000000e+00	
103	2.700785e-02	5.000010e+00	4.996025e-01	5.000000e+00	
104	2.743754e-02	4.999990e+00	4.949871e-01	5.000000e+00	
105	2.763470e-02	5.000010e+00	4.952828e-01	5.000000e+00	
106	2.782998e-02	4.999990e+00	4.969963e-01	5.000000e+00	
107	2.822053e-02	5.000004e+00	5.049590e-01	5.000000e+00	
108	2.857462e-02	4.997075e+00	5.173928e-01	5.000000e+00	
109	2.890873e-02	4.969002e+00	5.339948e-01	5.000000e+00	
110	2.957696e-02	4.784427e+00	5.826028e-01	5.000000e+00	
111	3.000000e-02	4.593595e+00	6.228304e-01	5.000000e+00	
112	3.001238e-02	4.587566e+00	6.239999e-01	5.000000e+00	

Index   time            /net2           /out            /vbias          
--------------------------------------------------------------------------------
113	3.003713e-02	4.575480e+00	6.263443e-01	5.000000e+00	
114	3.008663e-02	4.551144e+00	6.309607e-01	5.000000e+00	
115	3.015965e-02	4.514884e+00	6.375638e-01	5.000000e+00	
116	3.023662e-02	4.476292e+00	6.532220e-01	5.000000e+00	
117	3.030794e-02	4.440250e+00	6.814215e-01	5.000000e+00	
118	3.042787e-02	4.379223e+00	7.016983e-01	5.000000e+00	
119	3.054846e-02	4.317405e+00	7.061941e-01	5.000000e+00	
120	3.078964e-02	4.193540e+00	7.004025e-01	5.000000e+00	
121	3.100000e-02	4.100438e+00	6.932252e-01	5.000000e+00	
122	3.104824e-02	4.084112e+00	6.933010e-01	5.000000e+00	
123	3.114471e-02	4.056409e+00	6.946076e-01	5.000000e+00	
124	3.133765e-02	4.016523e+00	6.918691e-01	5.000000e+00	
125	3.172354e-02	3.974972e+00	5.662871e-01	5.000000e+00	
126	3.200000e-02	3.962100e+00	4.964247e-01	5.000000e+00	
127	3.200550e-02	3.961927e+00	4.962253e-01	5.000000e+00	
128	3.201651e-02	3.961594e+00	4.961567e-01	5.000000e+00	
129	3.203656e-02	3.961013e+00	4.960505e-01	5.000000e+00	
130	3.207667e-02	3.959954e+00	4.958434e-01	5.000000e+00	
131	3.215687e-02	3.958203e+00	4.955132e-01	5.000000e+00	
132	3.231728e-02	3.955967e+00	4.950814e-01	5.000000e+00	
133	3.263809e-02	3.955598e+00	4.950153e-01	5.000000e+00	
134	3.327972e-02	3.975152e+00	4.987517e-01	5.000000e+00	
135	3.390350e-02	4.069396e+00	5.169649e-01	5.000000e+00	
136	3.449271e-02	4.338409e+00	5.705979e-01	5.000000e+00	
137	3.550092e-02	4.814746e+00	6.637146e-01	5.000000e+00	
138	3.651088e-02	4.999082e+00	6.928178e-01	5.000000e+00	
139	3.719862e-02	5.000023e+00	6.929576e-01	5.000000e+00	
140	3.769036e-02	4.999977e+00	6.929477e-01	5.000000e+00	
141	3.817083e-02	5.000020e+00	6.929572e-01	5.000000e+00	
142	3.856894e-02	4.997252e+00	6.925536e-01	5.000000e+00	
143	3.898644e-02	4.957004e+00	6.866098e-01	5.000000e+00	
144	3.972292e-02	4.722695e+00	6.473373e-01	5.000000e+00	
145	4.000000e-02	4.593610e+00	6.224974e-01	5.000000e+00	
146	4.000837e-02	4.589515e+00	6.216793e-01	5.000000e+00	
147	4.002511e-02	4.581355e+00	6.200480e-01	5.000000e+00	
148	4.005859e-02	4.564955e+00	6.167551e-01	5.000000e+00	
149	4.012556e-02	4.531863e+00	6.100637e-01	5.000000e+00	
150	4.018938e-02	4.500019e+00	6.043435e-01	5.000000e+00	
151	4.025051e-02	4.469307e+00	6.223120e-01	5.000000e+00	
152	4.032056e-02	4.433868e+00	6.565218e-01	5.000000e+00	
153	4.041133e-02	4.387673e+00	6.846935e-01	5.000000e+00	
154	4.059285e-02	4.294578e+00	7.064005e-01	5.000000e+00	
155	4.082927e-02	4.173729e+00	7.037387e-01	5.000000e+00	
156	4.100000e-02	4.100440e+00	6.931088e-01	5.000000e+00	
157	4.104728e-02	4.084417e+00	6.914220e-01	5.000000e+00	
158	4.114185e-02	4.057144e+00	6.894656e-01	5.000000e+00	
159	4.133098e-02	4.017626e+00	6.863029e-01	5.000000e+00	
160	4.170925e-02	3.975928e+00	6.877696e-01	5.000000e+00	
161	4.196632e-02	3.963205e+00	6.931659e-01	5.000000e+00	
162	4.200000e-02	3.962095e+00	6.927396e-01	5.000000e+00	
163	4.200276e-02	3.962016e+00	6.929466e-01	5.000000e+00	
164	4.200829e-02	3.961838e+00	6.929582e-01	5.000000e+00	
165	4.201934e-02	3.961513e+00	6.929473e-01	5.000000e+00	
166	4.204145e-02	3.960874e+00	6.929579e-01	5.000000e+00	
167	4.208566e-02	3.959737e+00	6.929474e-01	5.000000e+00	
168	4.217408e-02	3.957882e+00	6.929579e-01	5.000000e+00	
169	4.235092e-02	3.955688e+00	6.929475e-01	5.000000e+00	
170	4.270461e-02	3.956169e+00	6.929579e-01	5.000000e+00	

Index   time            /net2           /out            /vbias          
--------------------------------------------------------------------------------
171	4.325270e-02	3.973439e+00	6.929458e-01	5.000000e+00	
172	4.384396e-02	4.053459e+00	6.896670e-01	5.000000e+00	
173	4.438634e-02	4.283729e+00	6.706513e-01	5.000000e+00	
174	4.516348e-02	4.671162e+00	6.070105e-01	5.000000e+00	
175	4.604907e-02	4.962669e+00	5.364448e-01	5.000000e+00	
176	4.696366e-02	5.000007e+00	5.004760e-01	5.000000e+00	
177	4.734794e-02	4.999993e+00	4.953616e-01	5.000000e+00	
178	4.747164e-02	5.000007e+00	4.949432e-01	5.000000e+00	
179	4.762890e-02	4.999993e+00	4.952326e-01	5.000000e+00	
180	4.794342e-02	5.000007e+00	4.987099e-01	5.000000e+00	
181	4.838258e-02	4.999865e+00	5.100071e-01	5.000000e+00	
182	4.880507e-02	4.981522e+00	5.283248e-01	5.000000e+00	
183	4.923457e-02	4.901780e+00	5.550028e-01	5.000000e+00	
184	4.986926e-02	4.656063e+00	6.101584e-01	5.000000e+00	
185	5.000000e-02	4.593558e+00	6.228119e-01	5.000000e+00	
186	5.000506e-02	4.591128e+00	6.233025e-01	5.000000e+00	
187	5.001517e-02	4.586200e+00	6.242661e-01	5.000000e+00	
188	5.003541e-02	4.576326e+00	6.261819e-01	5.000000e+00	
189	5.007587e-02	4.556450e+00	6.299663e-01	5.000000e+00	
190	5.015680e-02	4.516312e+00	6.373090e-01	5.000000e+00	
191	5.023986e-02	4.474653e+00	6.547330e-01	5.000000e+00	
192	5.031534e-02	4.436507e+00	6.834845e-01	5.000000e+00	
193	5.043986e-02	4.373093e+00	7.026134e-01	5.000000e+00	
194	5.056502e-02	4.308894e+00	7.062200e-01	5.000000e+00	
195	5.081536e-02	4.180620e+00	6.994058e-01	5.000000e+00	
196	5.100000e-02	4.100441e+00	6.932387e-01	5.000000e+00	
197	5.105007e-02	4.083527e+00	6.933314e-01	5.000000e+00	
198	5.115020e-02	4.055016e+00	6.946547e-01	5.000000e+00	
199	5.135047e-02	4.014453e+00	6.911782e-01	5.000000e+00	
200	5.170293e-02	3.976351e+00	5.837395e-01	5.000000e+00	
201	5.196857e-02	3.963127e+00	4.965888e-01	5.000000e+00	
202	5.200000e-02	3.962097e+00	4.961137e-01	5.000000e+00	
203	5.200152e-02	3.962052e+00	4.962393e-01	5.000000e+00	
204	5.200455e-02	3.961956e+00	4.962349e-01	5.000000e+00	
205	5.201061e-02	3.961772e+00	4.961872e-01	5.000000e+00	
206	5.202273e-02	3.961409e+00	4.961298e-01	5.000000e+00	
207	5.204698e-02	3.960726e+00	4.959875e-01	5.000000e+00	
208	5.209548e-02	3.959500e+00	4.957646e-01	5.000000e+00	
209	5.219248e-02	3.957569e+00	4.953841e-01	5.000000e+00	
210	5.238648e-02	3.955450e+00	4.949906e-01	5.000000e+00	
211	5.277447e-02	3.957043e+00	4.952832e-01	5.000000e+00	
212	5.331420e-02	3.977516e+00	4.992133e-01	5.000000e+00	
213	5.389260e-02	4.066309e+00	5.163520e-01	5.000000e+00	
214	5.443433e-02	4.308419e+00	5.645295e-01	5.000000e+00	
215	5.538509e-02	4.768814e+00	6.556842e-01	5.000000e+00	
216	5.636145e-02	4.994230e+00	6.921227e-01	5.000000e+00	
217	5.709605e-02	5.000019e+00	6.929490e-01	5.000000e+00	
218	5.758914e-02	4.999980e+00	6.929563e-01	5.000000e+00	
219	5.808634e-02	5.000019e+00	6.929489e-01	5.000000e+00	
220	5.848122e-02	4.999212e+00	6.928453e-01	5.000000e+00	
221	5.895455e-02	4.962226e+00	6.873866e-01	5.000000e+00	
222	5.952555e-02	4.804712e+00	6.619983e-01	5.000000e+00	
223	6.000000e-02	4.593617e+00	6.224906e-01	5.000000e+00	
224	6.001335e-02	4.587089e+00	6.211948e-01	5.000000e+00	
225	6.004006e-02	4.574045e+00	6.185826e-01	5.000000e+00	
226	6.009348e-02	4.547761e+00	6.132851e-01	5.000000e+00	
227	6.016544e-02	4.511993e+00	6.060720e-01	5.000000e+00	
228	6.023507e-02	4.477081e+00	6.144453e-01	5.000000e+00	

Index   time            /net2           /out            /vbias          
--------------------------------------------------------------------------------
229	6.030394e-02	4.442299e+00	6.494439e-01	5.000000e+00	
230	6.042397e-02	4.381209e+00	6.874453e-01	5.000000e+00	
231	6.064762e-02	4.266381e+00	7.078418e-01	5.000000e+00	
232	6.086263e-02	4.157607e+00	7.019691e-01	5.000000e+00	
233	6.100000e-02	4.100391e+00	6.930904e-01	5.000000e+00	
234	6.104300e-02	4.085797e+00	6.915158e-01	5.000000e+00	
235	6.112900e-02	4.060510e+00	6.897178e-01	5.000000e+00	
236	6.130101e-02	4.022746e+00	6.867230e-01	5.000000e+00	
237	6.164502e-02	3.980631e+00	6.857866e-01	5.000000e+00	
238	6.190262e-02	3.965604e+00	6.928973e-01	5.000000e+00	
239	6.200000e-02	3.962081e+00	6.930062e-01	5.000000e+00	
240	6.200681e-02	3.961888e+00	6.929533e-01	5.000000e+00	
241	6.202042e-02	3.961477e+00	6.929520e-01	5.000000e+00	
242	6.204764e-02	3.960709e+00	6.929532e-01	5.000000e+00	
243	6.210209e-02	3.959347e+00	6.929521e-01	5.000000e+00	
244	6.221098e-02	3.957271e+00	6.929533e-01	5.000000e+00	
245	6.242877e-02	3.955255e+00	6.929521e-01	5.000000e+00	
246	6.286434e-02	3.958604e+00	6.929533e-01	5.000000e+00	
247	6.336555e-02	3.981431e+00	6.929387e-01	5.000000e+00	
248	6.389610e-02	4.067294e+00	6.886982e-01	5.000000e+00	
249	6.441559e-02	4.298779e+00	6.689953e-01	5.000000e+00	
250	6.519298e-02	4.684762e+00	6.041428e-01	5.000000e+00	
251	6.601491e-02	4.957104e+00	5.384872e-01	5.000000e+00	
252	6.693445e-02	5.000010e+00	5.010959e-01	5.000000e+00	
253	6.766364e-02	4.999989e+00	4.954310e-01	5.000000e+00	
254	6.788679e-02	5.000011e+00	4.978012e-01	5.000000e+00	
255	6.810361e-02	4.999988e+00	5.019388e-01	5.000000e+00	
256	6.832150e-02	4.999970e+00	5.079843e-01	5.000000e+00	
257	6.859943e-02	4.996136e+00	5.184665e-01	5.000000e+00	
258	6.886288e-02	4.974999e+00	5.314224e-01	5.000000e+00	
259	6.935946e-02	4.864158e+00	5.644130e-01	5.000000e+00	
260	6.998799e-02	4.599414e+00	6.216731e-01	5.000000e+00	
261	7.000000e-02	4.593578e+00	6.228152e-01	5.000000e+00	
262	7.000147e-02	4.592878e+00	6.229596e-01	5.000000e+00	
263	7.000440e-02	4.591438e+00	6.232404e-01	5.000000e+00	
264	7.001027e-02	4.588595e+00	6.237993e-01	5.000000e+00	
265	7.002201e-02	4.582862e+00	6.249155e-01	5.000000e+00	
266	7.004549e-02	4.571390e+00	6.271312e-01	5.000000e+00	
267	7.009245e-02	4.548263e+00	6.314964e-01	5.000000e+00	
268	7.016089e-02	4.514271e+00	6.376745e-01	5.000000e+00	
269	7.023169e-02	4.478765e+00	6.510065e-01	5.000000e+00	
270	7.029813e-02	4.445227e+00	6.784666e-01	5.000000e+00	
271	7.041256e-02	4.387036e+00	7.003036e-01	5.000000e+00	
272	7.052762e-02	4.328117e+00	7.060149e-01	5.000000e+00	
273	7.075774e-02	4.209771e+00	7.016095e-01	5.000000e+00	
274	7.100000e-02	4.100444e+00	6.932201e-01	5.000000e+00	
275	7.104602e-02	4.084822e+00	6.932642e-01	5.000000e+00	
276	7.113807e-02	4.058124e+00	6.945456e-01	5.000000e+00	
277	7.132217e-02	4.019109e+00	6.925850e-01	5.000000e+00	
278	7.169036e-02	3.977229e+00	5.934439e-01	5.000000e+00	
279	7.196601e-02	3.963213e+00	4.966029e-01	5.000000e+00	
280	7.200000e-02	3.962099e+00	4.961162e-01	5.000000e+00	
281	7.200156e-02	3.962050e+00	4.962392e-01	5.000000e+00	
282	7.200468e-02	3.961951e+00	4.962339e-01	5.000000e+00	
283	7.201093e-02	3.961762e+00	4.961855e-01	5.000000e+00	
284	7.202342e-02	3.961389e+00	4.961258e-01	5.000000e+00	
285	7.204839e-02	3.960688e+00	4.959803e-01	5.000000e+00	
286	7.209834e-02	3.959434e+00	4.957517e-01	5.000000e+00	

Index   time            /net2           /out            /vbias          
--------------------------------------------------------------------------------
287	7.219825e-02	3.957474e+00	4.953660e-01	5.000000e+00	
288	7.239806e-02	3.955388e+00	4.949786e-01	5.000000e+00	
289	7.279768e-02	3.957396e+00	4.953508e-01	5.000000e+00	
290	7.334823e-02	3.980055e+00	4.997005e-01	5.000000e+00	
291	7.392716e-02	4.076357e+00	5.183125e-01	5.000000e+00	
292	7.447879e-02	4.331262e+00	5.691558e-01	5.000000e+00	
293	7.535714e-02	4.757142e+00	6.535975e-01	5.000000e+00	
294	7.635060e-02	4.993641e+00	6.920367e-01	5.000000e+00	
295	7.709524e-02	5.000021e+00	6.929496e-01	5.000000e+00	
296	7.760494e-02	4.999979e+00	6.929557e-01	5.000000e+00	
297	7.812027e-02	5.000020e+00	6.929494e-01	5.000000e+00	
298	7.850792e-02	4.998801e+00	6.927855e-01	5.000000e+00	
299	7.893253e-02	4.965593e+00	6.878906e-01	5.000000e+00	
300	7.950648e-02	4.812029e+00	6.632577e-01	5.000000e+00	
301	8.000000e-02	4.593616e+00	6.224909e-01	5.000000e+00	
302	8.001395e-02	4.586799e+00	6.211368e-01	5.000000e+00	
303	8.004185e-02	4.573170e+00	6.184069e-01	5.000000e+00	
304	8.009764e-02	4.545700e+00	6.128681e-01	5.000000e+00	
305	8.016287e-02	4.513277e+00	6.063209e-01	5.000000e+00	
306	8.023349e-02	4.477876e+00	6.137146e-01	5.000000e+00	
307	8.030028e-02	4.444154e+00	6.477986e-01	5.000000e+00	
308	8.042048e-02	4.382994e+00	6.867067e-01	5.000000e+00	
309	8.063583e-02	4.272455e+00	7.076748e-01	5.000000e+00	
310	8.084804e-02	4.164575e+00	7.027668e-01	5.000000e+00	
311	8.100000e-02	4.100444e+00	6.930974e-01	5.000000e+00	
312	8.104244e-02	4.085979e+00	6.915281e-01	5.000000e+00	
313	8.112733e-02	4.060957e+00	6.897510e-01	5.000000e+00	
314	8.129709e-02	4.023451e+00	6.867809e-01	5.000000e+00	
315	8.163663e-02	3.981302e+00	6.856208e-01	5.000000e+00	
316	8.189012e-02	3.966126e+00	6.928520e-01	5.000000e+00	
317	8.200000e-02	3.962075e+00	6.930514e-01	5.000000e+00	
318	8.200779e-02	3.961858e+00	6.929536e-01	5.000000e+00	
319	8.202337e-02	3.961390e+00	6.929517e-01	5.000000e+00	
320	8.205453e-02	3.960523e+00	6.929536e-01	5.000000e+00	
321	8.211686e-02	3.959017e+00	6.929517e-01	5.000000e+00	
322	8.224150e-02	3.956832e+00	6.929536e-01	5.000000e+00	
323	8.249079e-02	3.955131e+00	6.929517e-01	5.000000e+00	
324	8.298937e-02	3.961746e+00	6.929536e-01	5.000000e+00	
325	8.353000e-02	3.997794e+00	6.927173e-01	5.000000e+00	
326	8.402245e-02	4.108574e+00	6.856936e-01	5.000000e+00	
327	8.462610e-02	4.406607e+00	6.550678e-01	5.000000e+00	
328	8.539552e-02	4.773118e+00	5.851207e-01	5.000000e+00	
329	8.618592e-02	4.980476e+00	5.288085e-01	5.000000e+00	
330	8.696336e-02	5.000012e+00	5.004809e-01	5.000000e+00	
331	8.734469e-02	4.999987e+00	4.953826e-01	5.000000e+00	
332	8.752274e-02	5.000013e+00	4.949389e-01	5.000000e+00	
333	8.769910e-02	4.999987e+00	4.956743e-01	5.000000e+00	
334	8.805183e-02	5.000012e+00	5.007912e-01	5.000000e+00	
335	8.834554e-02	4.999924e+00	5.087572e-01	5.000000e+00	
336	8.873821e-02	4.987667e+00	5.249213e-01	5.000000e+00	
337	8.910823e-02	4.933153e+00	5.462571e-01	5.000000e+00	
338	8.965101e-02	4.753849e+00	5.893196e-01	5.000000e+00	
339	9.000000e-02	4.593557e+00	6.228124e-01	5.000000e+00	
340	9.000982e-02	4.588812e+00	6.237561e-01	5.000000e+00	
341	9.002945e-02	4.579235e+00	6.256195e-01	5.000000e+00	
342	9.006871e-02	4.559977e+00	6.293020e-01	5.000000e+00	
343	9.014724e-02	4.521071e+00	6.364575e-01	5.000000e+00	
344	9.022923e-02	4.480013e+00	6.498897e-01	5.000000e+00	

Index   time            /net2           /out            /vbias          
--------------------------------------------------------------------------------
345	9.030309e-02	4.442707e+00	6.800390e-01	5.000000e+00	
346	9.041098e-02	4.387851e+00	7.001008e-01	5.000000e+00	
347	9.053169e-02	4.326020e+00	7.061032e-01	5.000000e+00	
348	9.077311e-02	4.201936e+00	7.010052e-01	5.000000e+00	
349	9.100000e-02	4.100437e+00	6.932597e-01	5.000000e+00	
350	9.104828e-02	4.084097e+00	6.933019e-01	5.000000e+00	
351	9.114485e-02	4.056372e+00	6.946088e-01	5.000000e+00	
352	9.133799e-02	4.016469e+00	6.918523e-01	5.000000e+00	
353	9.172426e-02	3.974925e+00	5.656544e-01	5.000000e+00	
354	9.200000e-02	3.962100e+00	4.964246e-01	5.000000e+00	
355	9.200550e-02	3.961927e+00	4.962253e-01	5.000000e+00	
356	9.201650e-02	3.961594e+00	4.961568e-01	5.000000e+00	
357	9.203654e-02	3.961014e+00	4.960506e-01	5.000000e+00	
358	9.207662e-02	3.959955e+00	4.958436e-01	5.000000e+00	
359	9.215678e-02	3.958205e+00	4.955135e-01	5.000000e+00	
360	9.231709e-02	3.955969e+00	4.950818e-01	5.000000e+00	
361	9.263772e-02	3.955595e+00	4.950148e-01	5.000000e+00	
362	9.327898e-02	3.975103e+00	4.987424e-01	5.000000e+00	
363	9.390320e-02	4.069310e+00	5.169483e-01	5.000000e+00	
364	9.449239e-02	4.338243e+00	5.705642e-01	5.000000e+00	
365	9.550058e-02	4.814616e+00	6.636922e-01	5.000000e+00	
366	9.651056e-02	4.999077e+00	6.928171e-01	5.000000e+00	
367	9.719838e-02	5.000023e+00	6.929576e-01	5.000000e+00	
368	9.769015e-02	4.999977e+00	6.929477e-01	5.000000e+00	
369	9.817067e-02	5.000020e+00	6.929572e-01	5.000000e+00	
370	9.856877e-02	4.997258e+00	6.925544e-01	5.000000e+00	
371	9.898635e-02	4.957018e+00	6.866120e-01	5.000000e+00	
372	9.972224e-02	4.722996e+00	6.473928e-01	5.000000e+00	
373	1.000000e-01	4.593610e+00	6.224974e-01	5.000000e+00	

                                kicad schematic
                                Transient Analysis  Fri Nov  8 07:11:36  2024
--------------------------------------------------------------------------------
Index   time            vdd             
--------------------------------------------------------------------------------
0	0.000000e+00	5.000000e+00	
1	1.000000e-05	5.000000e+00	
2	2.000000e-05	5.000000e+00	
3	4.000000e-05	5.000000e+00	
4	7.374423e-05	5.000000e+00	
5	1.088222e-04	5.000000e+00	
6	1.417498e-04	5.000000e+00	
7	1.828864e-04	5.000000e+00	
8	2.270041e-04	5.000000e+00	
9	3.152394e-04	5.000000e+00	
10	4.009691e-04	5.000000e+00	
11	5.002763e-04	5.000000e+00	
12	6.988907e-04	5.000000e+00	
13	9.010182e-04	5.000000e+00	
14	1.000000e-03	5.000000e+00	
15	1.040425e-03	5.000000e+00	
16	1.121276e-03	5.000000e+00	
17	1.278030e-03	5.000000e+00	
18	1.591536e-03	5.000000e+00	
19	1.826382e-03	5.000000e+00	
20	1.993687e-03	5.000000e+00	
21	2.158123e-03	5.000000e+00	
22	2.420372e-03	5.000000e+00	
23	2.944871e-03	5.000000e+00	
24	3.512983e-03	5.000000e+00	
25	4.071323e-03	5.000000e+00	
26	4.776243e-03	5.000000e+00	
27	5.594063e-03	5.000000e+00	
28	6.417546e-03	5.000000e+00	
29	7.102325e-03	5.000000e+00	
30	7.560734e-03	5.000000e+00	
31	8.014040e-03	5.000000e+00	
32	8.487902e-03	5.000000e+00	
33	9.055473e-03	5.000000e+00	
34	9.715858e-03	5.000000e+00	
35	1.000000e-02	5.000000e+00	
36	1.000857e-02	5.000000e+00	
37	1.002570e-02	5.000000e+00	
38	1.005997e-02	5.000000e+00	
39	1.012851e-02	5.000000e+00	
40	1.020142e-02	5.000000e+00	
41	1.026730e-02	5.000000e+00	
42	1.034238e-02	5.000000e+00	
43	1.045510e-02	5.000000e+00	
44	1.061903e-02	5.000000e+00	
45	1.094689e-02	5.000000e+00	
46	1.100000e-02	5.000000e+00	
47	1.101943e-02	5.000000e+00	
48	1.105829e-02	5.000000e+00	
49	1.113600e-02	5.000000e+00	
50	1.129143e-02	5.000000e+00	
51	1.160229e-02	5.000000e+00	
52	1.184642e-02	5.000000e+00	
53	1.200000e-02	5.000000e+00	
54	1.200669e-02	5.000000e+00	

Index   time            vdd             
--------------------------------------------------------------------------------
55	1.202007e-02	5.000000e+00	
56	1.204683e-02	5.000000e+00	
57	1.210034e-02	5.000000e+00	
58	1.220738e-02	5.000000e+00	
59	1.242145e-02	5.000000e+00	
60	1.284959e-02	5.000000e+00	
61	1.335411e-02	5.000000e+00	
62	1.390336e-02	5.000000e+00	
63	1.442920e-02	5.000000e+00	
64	1.523847e-02	5.000000e+00	
65	1.622499e-02	5.000000e+00	
66	1.709784e-02	5.000000e+00	
67	1.764165e-02	5.000000e+00	
68	1.807483e-02	5.000000e+00	
69	1.848964e-02	5.000000e+00	
70	1.888597e-02	5.000000e+00	
71	1.940470e-02	5.000000e+00	
72	2.000000e-02	5.000000e+00	
73	2.001671e-02	5.000000e+00	
74	2.005012e-02	5.000000e+00	
75	2.011694e-02	5.000000e+00	
76	2.018806e-02	5.000000e+00	
77	2.025241e-02	5.000000e+00	
78	2.032581e-02	5.000000e+00	
79	2.042413e-02	5.000000e+00	
80	2.062076e-02	5.000000e+00	
81	2.086926e-02	5.000000e+00	
82	2.100000e-02	5.000000e+00	
83	2.103900e-02	5.000000e+00	
84	2.111701e-02	5.000000e+00	
85	2.127302e-02	5.000000e+00	
86	2.158504e-02	5.000000e+00	
87	2.182804e-02	5.000000e+00	
88	2.198279e-02	5.000000e+00	
89	2.200000e-02	5.000000e+00	
90	2.200244e-02	5.000000e+00	
91	2.200733e-02	5.000000e+00	
92	2.201711e-02	5.000000e+00	
93	2.203667e-02	5.000000e+00	
94	2.207579e-02	5.000000e+00	
95	2.215403e-02	5.000000e+00	
96	2.231050e-02	5.000000e+00	
97	2.262345e-02	5.000000e+00	
98	2.324934e-02	5.000000e+00	
99	2.389593e-02	5.000000e+00	
100	2.448606e-02	5.000000e+00	
101	2.524739e-02	5.000000e+00	
102	2.611421e-02	5.000000e+00	
103	2.700785e-02	5.000000e+00	
104	2.743754e-02	5.000000e+00	
105	2.763470e-02	5.000000e+00	
106	2.782998e-02	5.000000e+00	
107	2.822053e-02	5.000000e+00	
108	2.857462e-02	5.000000e+00	
109	2.890873e-02	5.000000e+00	
110	2.957696e-02	5.000000e+00	
111	3.000000e-02	5.000000e+00	
112	3.001238e-02	5.000000e+00	

Index   time            vdd             
--------------------------------------------------------------------------------
113	3.003713e-02	5.000000e+00	
114	3.008663e-02	5.000000e+00	
115	3.015965e-02	5.000000e+00	
116	3.023662e-02	5.000000e+00	
117	3.030794e-02	5.000000e+00	
118	3.042787e-02	5.000000e+00	
119	3.054846e-02	5.000000e+00	
120	3.078964e-02	5.000000e+00	
121	3.100000e-02	5.000000e+00	
122	3.104824e-02	5.000000e+00	
123	3.114471e-02	5.000000e+00	
124	3.133765e-02	5.000000e+00	
125	3.172354e-02	5.000000e+00	
126	3.200000e-02	5.000000e+00	
127	3.200550e-02	5.000000e+00	
128	3.201651e-02	5.000000e+00	
129	3.203656e-02	5.000000e+00	
130	3.207667e-02	5.000000e+00	
131	3.215687e-02	5.000000e+00	
132	3.231728e-02	5.000000e+00	
133	3.263809e-02	5.000000e+00	
134	3.327972e-02	5.000000e+00	
135	3.390350e-02	5.000000e+00	
136	3.449271e-02	5.000000e+00	
137	3.550092e-02	5.000000e+00	
138	3.651088e-02	5.000000e+00	
139	3.719862e-02	5.000000e+00	
140	3.769036e-02	5.000000e+00	
141	3.817083e-02	5.000000e+00	
142	3.856894e-02	5.000000e+00	
143	3.898644e-02	5.000000e+00	
144	3.972292e-02	5.000000e+00	
145	4.000000e-02	5.000000e+00	
146	4.000837e-02	5.000000e+00	
147	4.002511e-02	5.000000e+00	
148	4.005859e-02	5.000000e+00	
149	4.012556e-02	5.000000e+00	
150	4.018938e-02	5.000000e+00	
151	4.025051e-02	5.000000e+00	
152	4.032056e-02	5.000000e+00	
153	4.041133e-02	5.000000e+00	
154	4.059285e-02	5.000000e+00	
155	4.082927e-02	5.000000e+00	
156	4.100000e-02	5.000000e+00	
157	4.104728e-02	5.000000e+00	
158	4.114185e-02	5.000000e+00	
159	4.133098e-02	5.000000e+00	
160	4.170925e-02	5.000000e+00	
161	4.196632e-02	5.000000e+00	
162	4.200000e-02	5.000000e+00	
163	4.200276e-02	5.000000e+00	
164	4.200829e-02	5.000000e+00	
165	4.201934e-02	5.000000e+00	
166	4.204145e-02	5.000000e+00	
167	4.208566e-02	5.000000e+00	
168	4.217408e-02	5.000000e+00	
169	4.235092e-02	5.000000e+00	
170	4.270461e-02	5.000000e+00	

Index   time            vdd             
--------------------------------------------------------------------------------
171	4.325270e-02	5.000000e+00	
172	4.384396e-02	5.000000e+00	
173	4.438634e-02	5.000000e+00	
174	4.516348e-02	5.000000e+00	
175	4.604907e-02	5.000000e+00	
176	4.696366e-02	5.000000e+00	
177	4.734794e-02	5.000000e+00	
178	4.747164e-02	5.000000e+00	
179	4.762890e-02	5.000000e+00	
180	4.794342e-02	5.000000e+00	
181	4.838258e-02	5.000000e+00	
182	4.880507e-02	5.000000e+00	
183	4.923457e-02	5.000000e+00	
184	4.986926e-02	5.000000e+00	
185	5.000000e-02	5.000000e+00	
186	5.000506e-02	5.000000e+00	
187	5.001517e-02	5.000000e+00	
188	5.003541e-02	5.000000e+00	
189	5.007587e-02	5.000000e+00	
190	5.015680e-02	5.000000e+00	
191	5.023986e-02	5.000000e+00	
192	5.031534e-02	5.000000e+00	
193	5.043986e-02	5.000000e+00	
194	5.056502e-02	5.000000e+00	
195	5.081536e-02	5.000000e+00	
196	5.100000e-02	5.000000e+00	
197	5.105007e-02	5.000000e+00	
198	5.115020e-02	5.000000e+00	
199	5.135047e-02	5.000000e+00	
200	5.170293e-02	5.000000e+00	
201	5.196857e-02	5.000000e+00	
202	5.200000e-02	5.000000e+00	
203	5.200152e-02	5.000000e+00	
204	5.200455e-02	5.000000e+00	
205	5.201061e-02	5.000000e+00	
206	5.202273e-02	5.000000e+00	
207	5.204698e-02	5.000000e+00	
208	5.209548e-02	5.000000e+00	
209	5.219248e-02	5.000000e+00	
210	5.238648e-02	5.000000e+00	
211	5.277447e-02	5.000000e+00	
212	5.331420e-02	5.000000e+00	
213	5.389260e-02	5.000000e+00	
214	5.443433e-02	5.000000e+00	
215	5.538509e-02	5.000000e+00	
216	5.636145e-02	5.000000e+00	
217	5.709605e-02	5.000000e+00	
218	5.758914e-02	5.000000e+00	
219	5.808634e-02	5.000000e+00	
220	5.848122e-02	5.000000e+00	
221	5.895455e-02	5.000000e+00	
222	5.952555e-02	5.000000e+00	
223	6.000000e-02	5.000000e+00	
224	6.001335e-02	5.000000e+00	
225	6.004006e-02	5.000000e+00	
226	6.009348e-02	5.000000e+00	
227	6.016544e-02	5.000000e+00	
228	6.023507e-02	5.000000e+00	

Index   time            vdd             
--------------------------------------------------------------------------------
229	6.030394e-02	5.000000e+00	
230	6.042397e-02	5.000000e+00	
231	6.064762e-02	5.000000e+00	
232	6.086263e-02	5.000000e+00	
233	6.100000e-02	5.000000e+00	
234	6.104300e-02	5.000000e+00	
235	6.112900e-02	5.000000e+00	
236	6.130101e-02	5.000000e+00	
237	6.164502e-02	5.000000e+00	
238	6.190262e-02	5.000000e+00	
239	6.200000e-02	5.000000e+00	
240	6.200681e-02	5.000000e+00	
241	6.202042e-02	5.000000e+00	
242	6.204764e-02	5.000000e+00	
243	6.210209e-02	5.000000e+00	
244	6.221098e-02	5.000000e+00	
245	6.242877e-02	5.000000e+00	
246	6.286434e-02	5.000000e+00	
247	6.336555e-02	5.000000e+00	
248	6.389610e-02	5.000000e+00	
249	6.441559e-02	5.000000e+00	
250	6.519298e-02	5.000000e+00	
251	6.601491e-02	5.000000e+00	
252	6.693445e-02	5.000000e+00	
253	6.766364e-02	5.000000e+00	
254	6.788679e-02	5.000000e+00	
255	6.810361e-02	5.000000e+00	
256	6.832150e-02	5.000000e+00	
257	6.859943e-02	5.000000e+00	
258	6.886288e-02	5.000000e+00	
259	6.935946e-02	5.000000e+00	
260	6.998799e-02	5.000000e+00	
261	7.000000e-02	5.000000e+00	
262	7.000147e-02	5.000000e+00	
263	7.000440e-02	5.000000e+00	
264	7.001027e-02	5.000000e+00	
265	7.002201e-02	5.000000e+00	
266	7.004549e-02	5.000000e+00	
267	7.009245e-02	5.000000e+00	
268	7.016089e-02	5.000000e+00	
269	7.023169e-02	5.000000e+00	
270	7.029813e-02	5.000000e+00	
271	7.041256e-02	5.000000e+00	
272	7.052762e-02	5.000000e+00	
273	7.075774e-02	5.000000e+00	
274	7.100000e-02	5.000000e+00	
275	7.104602e-02	5.000000e+00	
276	7.113807e-02	5.000000e+00	
277	7.132217e-02	5.000000e+00	
278	7.169036e-02	5.000000e+00	
279	7.196601e-02	5.000000e+00	
280	7.200000e-02	5.000000e+00	
281	7.200156e-02	5.000000e+00	
282	7.200468e-02	5.000000e+00	
283	7.201093e-02	5.000000e+00	
284	7.202342e-02	5.000000e+00	
285	7.204839e-02	5.000000e+00	
286	7.209834e-02	5.000000e+00	

Index   time            vdd             
--------------------------------------------------------------------------------
287	7.219825e-02	5.000000e+00	
288	7.239806e-02	5.000000e+00	
289	7.279768e-02	5.000000e+00	
290	7.334823e-02	5.000000e+00	
291	7.392716e-02	5.000000e+00	
292	7.447879e-02	5.000000e+00	
293	7.535714e-02	5.000000e+00	
294	7.635060e-02	5.000000e+00	
295	7.709524e-02	5.000000e+00	
296	7.760494e-02	5.000000e+00	
297	7.812027e-02	5.000000e+00	
298	7.850792e-02	5.000000e+00	
299	7.893253e-02	5.000000e+00	
300	7.950648e-02	5.000000e+00	
301	8.000000e-02	5.000000e+00	
302	8.001395e-02	5.000000e+00	
303	8.004185e-02	5.000000e+00	
304	8.009764e-02	5.000000e+00	
305	8.016287e-02	5.000000e+00	
306	8.023349e-02	5.000000e+00	
307	8.030028e-02	5.000000e+00	
308	8.042048e-02	5.000000e+00	
309	8.063583e-02	5.000000e+00	
310	8.084804e-02	5.000000e+00	
311	8.100000e-02	5.000000e+00	
312	8.104244e-02	5.000000e+00	
313	8.112733e-02	5.000000e+00	
314	8.129709e-02	5.000000e+00	
315	8.163663e-02	5.000000e+00	
316	8.189012e-02	5.000000e+00	
317	8.200000e-02	5.000000e+00	
318	8.200779e-02	5.000000e+00	
319	8.202337e-02	5.000000e+00	
320	8.205453e-02	5.000000e+00	
321	8.211686e-02	5.000000e+00	
322	8.224150e-02	5.000000e+00	
323	8.249079e-02	5.000000e+00	
324	8.298937e-02	5.000000e+00	
325	8.353000e-02	5.000000e+00	
326	8.402245e-02	5.000000e+00	
327	8.462610e-02	5.000000e+00	
328	8.539552e-02	5.000000e+00	
329	8.618592e-02	5.000000e+00	
330	8.696336e-02	5.000000e+00	
331	8.734469e-02	5.000000e+00	
332	8.752274e-02	5.000000e+00	
333	8.769910e-02	5.000000e+00	
334	8.805183e-02	5.000000e+00	
335	8.834554e-02	5.000000e+00	
336	8.873821e-02	5.000000e+00	
337	8.910823e-02	5.000000e+00	
338	8.965101e-02	5.000000e+00	
339	9.000000e-02	5.000000e+00	
340	9.000982e-02	5.000000e+00	
341	9.002945e-02	5.000000e+00	
342	9.006871e-02	5.000000e+00	
343	9.014724e-02	5.000000e+00	
344	9.022923e-02	5.000000e+00	

Index   time            vdd             
--------------------------------------------------------------------------------
345	9.030309e-02	5.000000e+00	
346	9.041098e-02	5.000000e+00	
347	9.053169e-02	5.000000e+00	
348	9.077311e-02	5.000000e+00	
349	9.100000e-02	5.000000e+00	
350	9.104828e-02	5.000000e+00	
351	9.114485e-02	5.000000e+00	
352	9.133799e-02	5.000000e+00	
353	9.172426e-02	5.000000e+00	
354	9.200000e-02	5.000000e+00	
355	9.200550e-02	5.000000e+00	
356	9.201650e-02	5.000000e+00	
357	9.203654e-02	5.000000e+00	
358	9.207662e-02	5.000000e+00	
359	9.215678e-02	5.000000e+00	
360	9.231709e-02	5.000000e+00	
361	9.263772e-02	5.000000e+00	
362	9.327898e-02	5.000000e+00	
363	9.390320e-02	5.000000e+00	
364	9.449239e-02	5.000000e+00	
365	9.550058e-02	5.000000e+00	
366	9.651056e-02	5.000000e+00	
367	9.719838e-02	5.000000e+00	
368	9.769015e-02	5.000000e+00	
369	9.817067e-02	5.000000e+00	
370	9.856877e-02	5.000000e+00	
371	9.898635e-02	5.000000e+00	
372	9.972224e-02	5.000000e+00	
373	1.000000e-01	5.000000e+00	
